# VBA tblmatchheader data
# Paste data below:

MatchHeaderID	MatchNo	WeekNo	Division	TeamHome	TeamAway	Locked
60	1	1	1	7	10	0
61	2	1	1	9	8	0
62	3	1	1	5	12	0
63	4	1	1	13	4	0
64	5	1	1	1	2	0
65	6	1	1	11	6	0
66	7	2	1	10	5	0
67	8	2	1	2	13	0
68	9	2	1	4	11	0
69	10	2	1	8	7	0
70	11	2	1	6	9	0
71	12	2	1	12	3	0
72	13	3	1	3	10	0
73	14	3	1	7	6	0
74	15	3	1	9	4	0
75	16	3	1	1	13	0
76	17	3	1	5	8	0
77	18	3	1	11	2	0
78	19	4	1	8	3	0
79	20	4	1	4	7	0
80	21	4	1	2	9	0
81	22	4	1	13	11	0
82	23	4	1	12	1	0
83	24	4	1	6	5	0
84	25	5	1	5	4	0
85	26	5	1	7	2	0
86	27	5	1	3	6	0
87	28	5	1	1	11	0
88	29	5	1	9	13	0
89	30	5	1	12	10	0
90	31	6	1	2	5	0
91	32	6	1	4	3	0
92	33	6	1	11	9	0
93	34	6	1	8	12	0
94	35	6	1	13	7	0
95	36	6	1	10	1	0
96	37	7	1	3	2	0
97	38	7	1	7	11	0
98	39	7	1	12	6	0
99	40	7	1	5	13	0
100	41	7	1	1	9	0
101	42	7	1	10	8	0
102	43	8	1	13	3	0
103	44	8	1	11	5	0
104	45	8	1	8	1	0
105	46	8	1	9	7	0
106	47	8	1	6	10	0
107	48	8	1	4	12	0
108	49	9	1	10	4	0
109	50	9	1	3	11	0
110	51	9	1	8	6	0
111	52	9	1	1	7	0
112	53	9	1	12	2	0
113	54	9	1	5	9	0
114	55	10	1	7	5	0
115	56	10	1	2	10	0
116	57	10	1	9	3	0
117	58	10	1	6	1	0
118	59	10	1	13	12	0
119	60	10	1	4	8	0
120	61	11	1	8	2	0
121	62	11	1	3	7	0
122	63	11	1	12	11	0
123	64	11	1	10	13	0
124	65	11	1	1	5	0
125	66	11	1	6	4	0