# VBA tblmatchdetail data
# Paste data below:

MatchDetailID	MatchNo	Player1	Player2	HomeScore	AwayScore	HomeVoid	AwayVoid	FrameNo	Achived8Ball
766	1	93	43	1	0	0	0	1	0
767	1	95	44	0	1	0	0	2	-1
768	1	75	45	0	1	0	0	3	0
769	1	96	99	0	1	0	0	4	0
770	1	97	59	1	0	0	0	5	0
771	1	98	43	1	0	0	0	6	0
772	1	53	44	0	1	0	0	7	0
773	1	93	45	1	0	0	0	8	0
774	1	95	59	0	1	0	0	9	0
775	1	97	99	1	0	0	0	10	0
776	1	75	44	0	1	0	0	11	0
777	1	98	99	0	1	0	0	12	0
778	1	53	45	0	1	0	0	13	-1
779	1	93	59	1	0	0	0	14	0
780	1	97	43	1	0	0	0	15	0
781	2	31	51	0	1	0	0	1	-1
782	2	11	49	0	1	0	0	2	0
783	2	13	42	0	1	0	0	3	0
784	2	33	100	0	1	0	0	4	0
785	2	101	40	1	0	0	0	5	0
786	2	31	42	0	1	0	0	6	0
787	2	11	51	1	0	0	0	7	0
788	2	13	100	1	0	0	0	8	0
789	2	33	49	0	1	0	0	9	0
790	2	101	100	1	0	0	0	10	0
791	2	13	40	0	1	0	0	11	0
792	2	11	42	1	0	0	0	12	0
793	2	31	49	1	0	0	0	13	0
794	2	33	40	0	1	0	0	14	0
795	2	101	51	0	1	0	0	15	0
796	3	90	2	0	1	0	0	1	0
797	3	85	5	0	1	0	0	2	0
798	3	86	63	1	0	0	0	3	0
799	3	87	4	0	1	0	0	4	0
800	3	90	3	1	0	0	0	5	0
801	3	85	2	1	0	0	0	6	0
802	3	78	5	1	0	0	0	7	0
803	3	81	63	0	1	0	0	8	0
804	3	77	4	0	1	0	0	9	0
805	3	86	3	1	0	0	0	10	0
806	3	78	63	0	1	0	0	11	0
807	3	87	5	0	1	0	0	12	0
808	3	81	4	1	0	0	0	13	0
809	3	77	3	1	0	0	0	14	0
810	3	86	2	1	0	0	0	15	0
811	4	39	89	0	1	0	0	1	0
812	4	72	65	0	1	0	0	2	0
813	4	46	23	1	0	0	0	3	0
814	4	60	66	1	0	0	0	4	0
815	4	73	24	1	0	0	0	5	0
816	4	46	89	0	1	0	0	6	0
817	4	39	66	0	1	0	0	7	0
818	4	72	24	1	0	0	0	8	0
819	4	46	65	0	1	0	0	9	0
820	4	60	23	1	0	0	0	10	0
821	4	73	89	0	1	0	0	11	0
822	4	72	66	1	0	0	0	12	0
823	4	60	65	1	0	0	0	13	0
824	4	39	24	1	0	0	0	14	0
825	4	73	23	1	0	0	0	15	0
826	5	19	102	0	1	0	0	1	0
827	5	67	103	1	0	0	0	2	0
828	5	22	10	0	1	0	0	3	0
829	5	20	102	1	0	0	0	4	0
830	5	106	104	0	1	0	0	5	0
831	5	21	105	0	1	0	0	6	0
832	5	19	10	1	0	0	0	7	0
833	5	67	105	1	0	0	0	8	0
834	5	22	102	1	0	0	0	9	0
835	5	20	104	1	0	0	0	10	0
836	5	67	10	1	0	0	0	11	0
837	5	21	103	1	0	0	0	12	0
838	5	106	105	0	1	0	0	13	0
839	5	20	103	1	0	0	0	14	0
840	5	19	104	1	0	0	0	15	0
841	6	28	15	0	1	0	0	1	0
842	6	9	14	0	1	0	0	2	0
843	6	7	32	0	1	0	0	3	0
844	6	61	27	0	1	0	0	4	0
845	6	28	16	1	0	0	0	5	0
846	6	6	27	0	1	0	0	6	0
847	6	9	15	1	0	0	0	7	0
848	6	7	16	0	1	0	0	8	0
849	6	28	14	1	0	0	0	9	0
850	6	61	32	1	0	0	0	10	0
851	6	6	16	0	1	0	0	11	0
852	6	7	27	1	0	0	0	12	0
853	6	61	15	1	0	0	0	13	0
854	6	9	32	0	1	0	0	14	0
855	6	6	14	1	0	0	0	15	0
856	7	43	78	0	1	0	0	1	0
857	7	58	85	0	1	0	0	2	0
858	7	44	81	0	1	0	0	3	0
859	7	99	78	1	0	0	0	4	0
860	7	59	87	1	0	0	0	5	0
861	7	43	77	1	0	0	0	6	0
862	7	58	80	0	1	0	0	7	0
863	7	44	85	1	0	0	0	8	0
864	7	99	81	1	0	0	0	9	0
865	7	59	78	1	0	0	0	10	-1
866	7	43	87	1	0	0	0	11	0
867	7	58	78	1	0	0	0	12	0
868	7	44	80	1	0	0	0	13	0
869	7	99	77	1	0	0	0	14	0
870	7	59	81	1	0	0	0	15	0
871	8	102	39	0	1	0	0	1	0
872	8	102	46	0	1	0	0	2	0
873	8	103	72	0	1	0	0	3	0
874	8	10	60	0	1	0	0	4	0
875	8	102	72	0	1	0	0	5	0
876	8	10	68	0	1	0	0	6	0
877	8	103	46	0	1	0	0	7	0
878	8	107	46	0	1	0	0	8	0
879	8	107	72	0	1	0	0	9	0
880	8	10	39	0	1	0	0	10	0
881	8	103	60	0	1	0	0	11	0
882	8	107	68	0	1	0	0	12	0
883	8	0	0	0	1	0	0	13	0
884	8	0	0	0	1	0	0	14	0
885	8	0	0	0	1	0	0	15	0
886	9	89	9	0	1	0	0	1	0
887	9	65	7	0	1	0	0	2	0
888	9	23	28	0	1	0	0	3	0
889	9	66	6	0	1	0	0	4	0
890	9	26	61	1	0	0	0	5	0
891	9	34	7	0	1	0	0	6	0
892	9	65	28	1	0	0	0	7	0
893	9	23	9	1	0	0	0	8	0
894	9	66	61	0	1	0	0	9	0
895	9	89	6	0	1	0	0	10	0
896	9	26	28	0	1	0	0	11	0
897	9	65	61	0	1	0	0	12	0
898	9	34	9	0	1	0	0	13	0
899	9	89	7	1	0	0	0	14	0
900	9	23	6	0	1	0	0	15	0
901	10	49	93	0	1	0	0	1	0
902	10	42	95	1	0	0	0	2	0
903	10	41	97	1	0	0	0	3	0
904	10	51	108	0	1	0	0	4	0
905	10	40	53	1	0	0	0	5	0
906	10	49	95	0	1	0	0	6	0
907	10	42	93	0	1	0	0	7	0
908	10	41	108	1	0	0	0	8	0
909	10	51	53	1	0	0	0	9	0
910	10	40	97	0	1	0	0	10	0
911	10	49	97	1	0	0	0	11	0
912	10	42	53	0	1	0	0	12	0
913	10	41	93	0	1	0	0	13	0
914	10	51	95	1	0	0	0	14	0
915	10	40	108	1	0	0	0	15	0
916	11	14	29	0	1	0	0	1	0
917	11	18	11	0	1	0	0	2	0
918	11	15	29	0	1	0	0	3	0
919	11	17	12	0	1	0	0	4	0
920	11	27	30	0	1	0	0	5	0
921	11	16	31	0	1	0	0	6	0
922	11	14	13	0	1	0	0	7	0
923	11	18	101	0	1	0	0	8	0
924	11	15	11	0	1	0	0	9	0
925	11	17	30	1	0	0	0	10	0
926	11	27	12	1	0	0	0	11	0
927	11	16	101	0	1	0	0	12	0
928	11	17	31	0	1	0	0	13	0
929	11	18	13	0	1	0	0	14	0
930	11	14	11	0	1	0	0	15	0
931	12	2	83	0	1	0	0	1	0
932	12	1	62	1	0	0	0	2	0
933	12	63	38	0	1	0	0	3	0
934	12	4	35	0	1	0	0	4	0
935	12	3	48	1	0	0	0	5	0
936	12	2	88	0	1	0	0	6	0
937	12	1	54	0	1	0	0	7	0
938	12	63	83	1	0	0	0	8	0
939	12	4	62	0	1	0	0	9	0
940	12	3	38	0	1	0	0	10	0
941	12	2	35	0	1	0	0	11	0
942	12	1	48	1	0	0	0	12	0
943	12	63	88	0	1	0	0	13	0
944	12	4	54	0	1	0	0	14	0
945	12	3	37	0	1	0	0	15	0
946	13	38	43	0	1	0	0	1	0
947	13	83	45	0	1	0	0	2	0
948	13	48	47	0	1	0	0	3	0
949	13	37	59	1	0	0	0	4	0
950	13	35	44	1	0	0	0	5	0
951	13	62	58	0	1	0	0	6	0
952	13	38	45	1	0	0	0	7	0
953	13	83	43	1	0	0	0	8	0
954	13	48	59	0	1	0	0	9	0
955	13	35	47	0	1	0	0	10	0
956	13	37	44	1	0	0	0	11	0
957	13	62	45	1	0	0	0	12	0
958	13	83	58	0	1	0	0	13	0
959	13	38	47	0	1	0	0	14	0
960	13	48	58	0	1	0	0	15	0
961	14	93	15	0	1	0	0	1	0
962	14	95	27	0	1	0	0	2	0
963	14	96	32	1	0	0	0	3	0
964	14	97	17	1	0	0	0	4	0
965	14	75	14	1	0	0	0	5	0
966	14	53	18	1	0	0	0	6	0
967	14	93	27	1	0	0	0	7	0
968	14	96	15	0	1	0	0	8	0
969	14	75	17	1	0	0	0	9	0
970	14	97	32	0	1	0	0	10	0
971	14	53	14	1	0	0	0	11	0
972	14	109	18	1	0	0	0	12	0
973	14	75	27	1	0	0	0	13	0
974	14	97	15	0	1	0	0	14	-1
975	14	53	32	1	0	0	0	15	0
976	15	31	23	1	0	0	0	1	0
977	15	11	23	0	1	0	0	2	0
978	15	13	23	0	1	0	0	3	0
979	15	101	89	1	0	0	0	4	0
980	15	30	66	0	1	0	0	5	0
981	15	31	65	0	1	0	0	6	0
982	15	11	89	1	0	0	0	7	0
983	15	13	66	1	0	0	0	8	0
984	15	101	65	0	1	0	0	9	0
985	15	30	89	1	0	0	0	10	0
986	15	31	66	0	1	0	0	11	0
987	15	11	65	1	0	0	0	12	0
988	15	13	110	1	0	0	0	13	0
989	15	101	110	1	0	0	0	14	0
990	15	30	110	0	1	0	0	15	0
991	16	67	111	1	0	0	0	1	0
992	16	19	39	1	0	0	0	2	0
993	16	22	46	1	0	0	0	3	0
994	16	21	60	0	1	0	0	4	0
995	16	0	0	0	1	0	0	5	0
996	16	67	72	1	0	0	0	6	0
997	16	19	46	0	1	0	0	7	0
998	16	22	72	0	1	0	0	8	0
999	16	21	39	0	1	0	0	9	0
1000	16	0	0	0	1	0	0	10	0
1001	16	22	60	1	0	0	0	11	0
1002	16	19	72	0	1	0	0	12	0
1003	16	67	46	1	0	0	0	13	0
1004	16	21	111	1	0	0	0	14	0
1005	16	0	0	0	1	0	0	15	0
1006	17	78	49	1	0	0	0	1	0
1007	17	86	42	1	0	0	0	2	0
1008	17	87	51	0	1	0	0	3	0
1009	17	85	41	0	1	0	0	4	0
1010	17	81	40	1	0	0	0	5	0
1011	17	77	49	0	1	0	0	6	0
1012	17	78	42	1	0	0	0	7	0
1013	17	86	51	0	1	0	0	8	0
1014	17	87	41	1	0	0	0	9	0
1015	17	85	40	1	0	0	0	10	0
1016	17	78	41	0	1	0	0	11	0
1017	17	86	49	0	1	0	0	12	0
1018	17	77	42	0	1	0	0	13	0
1019	17	81	51	0	1	0	0	14	0
1020	17	87	40	1	0	0	0	15	0
1021	18	7	113	1	0	0	0	1	0
1022	18	6	102	1	0	0	0	2	0
1023	18	9	112	1	0	0	0	3	0
1024	18	8	10	0	1	0	0	4	0
1025	18	61	113	1	0	0	0	5	0
1026	18	6	10	1	0	0	0	6	0
1027	18	7	112	1	0	0	0	7	0
1028	18	9	102	1	0	0	0	8	0
1029	18	8	113	1	0	0	0	9	0
1030	18	61	112	1	0	0	0	10	0
1031	18	9	10	1	0	0	0	11	0
1032	18	61	102	1	0	0	0	12	0
1033	18	0	0	1	0	0	0	13	0
1034	18	0	0	1	0	0	0	14	0
1035	18	0	0	1	0	0	0	15	0
1036	19	49	88	1	0	0	0	1	0
1037	19	42	38	1	0	0	0	2	0
1038	19	51	83	1	0	0	0	3	0
1039	19	40	37	1	0	0	0	4	0
1040	19	41	48	1	0	0	0	5	0
1041	19	51	54	1	0	0	0	6	0
1042	19	49	62	1	0	0	0	7	0
1043	19	42	88	0	1	0	0	8	0
1044	19	40	48	1	0	0	0	9	0
1045	19	41	83	0	1	0	0	10	0
1046	19	51	37	0	1	0	0	11	0
1047	19	49	54	0	1	0	0	12	0
1048	19	41	88	0	1	0	0	13	0
1049	19	42	37	1	0	0	0	14	0
1050	19	40	83	0	1	0	0	15	0
1051	20	89	93	1	0	0	0	1	0
1052	20	65	95	1	0	0	0	2	0
1053	20	23	96	0	1	0	0	3	0
1054	20	110	97	0	1	0	0	4	-1
1055	20	26	53	1	0	0	0	5	0
1056	20	34	98	0	1	0	0	6	0
1057	20	89	97	1	0	0	0	7	0
1058	20	65	93	0	1	0	0	8	0
1059	20	23	95	1	0	0	0	9	0
1060	20	110	96	0	1	0	0	10	0
1061	20	26	93	0	1	0	0	11	0
1062	20	34	97	0	1	0	0	12	0
1063	20	89	53	1	0	0	0	13	0
1064	20	65	98	1	0	0	0	14	0
1065	20	26	96	0	1	0	0	15	0
1066	21	10	29	0	1	0	0	1	0
1067	21	113	11	0	1	0	0	2	0
1068	21	103	13	0	1	0	0	3	0
1069	21	114	31	0	1	0	0	4	0
1070	21	10	30	1	0	0	0	5	0
1071	21	107	29	0	1	0	0	6	0
1072	21	113	12	0	1	0	0	7	0
1073	21	114	11	0	1	0	0	8	0
1074	21	103	31	0	1	0	0	9	0
1075	21	107	13	0	1	0	0	10	0
1076	21	10	31	0	1	0	0	11	0
1077	21	114	12	0	1	0	0	12	0
1078	21	113	30	1	0	0	0	13	0
1079	21	107	11	0	1	0	0	14	0
1080	21	103	12	0	1	0	0	15	0
1081	22	39	9	1	0	0	0	1	0
1082	22	46	8	1	0	0	0	2	0
1083	22	73	6	0	1	0	0	3	0
1084	22	72	7	0	1	0	0	4	0
1085	22	46	61	0	1	0	0	5	0
1086	22	46	9	1	0	0	0	6	0
1087	22	72	6	1	0	0	0	7	0
1088	22	68	8	0	1	0	0	8	0
1089	22	39	61	0	1	0	0	9	0
1090	22	68	7	0	1	0	0	10	0
1091	22	73	7	1	0	0	0	11	0
1092	22	72	8	1	0	0	0	12	0
1093	22	68	9	1	0	0	0	13	0
1094	22	73	61	1	0	0	0	14	0
1095	22	39	6	1	0	0	0	15	0
1096	23	2	67	0	1	0	0	1	0
1097	23	63	22	1	0	0	0	2	0
1098	23	1	19	0	1	0	0	3	0
1099	23	4	20	0	1	0	0	4	0
1100	23	3	21	1	0	0	0	5	0
1101	23	2	115	1	0	0	0	6	0
1102	23	63	67	0	1	0	0	7	0
1103	23	1	22	0	1	0	0	8	0
1104	23	4	19	1	0	0	0	9	0
1105	23	63	20	0	1	0	0	10	0
1106	23	3	22	0	1	0	0	11	0
1107	23	2	21	1	0	0	0	12	0
1108	23	4	67	0	1	0	0	13	0
1109	23	3	19	1	0	0	0	14	0
1110	23	1	20	1	0	0	0	15	0
1111	24	16	78	0	1	0	0	1	0
1112	24	16	87	0	1	0	0	2	0
1113	24	16	81	0	1	0	0	3	0
1114	24	14	85	1	0	0	0	4	0
1115	24	15	80	0	1	0	0	5	0
1116	24	116	78	1	0	0	0	6	0
1117	24	17	87	0	1	0	0	7	0
1118	24	14	81	0	1	0	0	8	0
1119	24	15	85	1	0	0	0	9	0
1120	24	116	80	1	0	0	0	10	0
1121	24	17	85	1	0	0	0	11	0
1122	24	14	78	0	1	0	0	12	0
1123	24	116	87	0	1	0	0	13	0
1124	24	17	80	0	1	0	0	14	0
1125	24	15	81	0	1	0	0	15	0
1126	25	81	89	1	0	0	0	1	0
1127	25	86	65	1	0	0	0	2	0
1128	25	85	66	0	1	0	0	3	0
1129	25	90	24	1	0	0	0	4	0
1130	25	87	23	1	0	0	0	5	0
1131	25	78	89	1	0	0	0	6	0
1132	25	77	65	0	1	0	0	7	0
1133	25	85	23	1	0	0	0	8	0
1134	25	90	66	1	0	0	0	9	0
1135	25	86	24	1	0	0	0	10	0
1136	25	87	65	1	0	0	0	11	0
1137	25	81	24	1	0	0	0	12	0
1138	25	78	66	1	0	0	0	13	0
1139	25	86	23	1	0	0	0	14	0
1140	25	87	89	1	0	0	0	15	0
1141	26	93	10	1	0	0	0	1	0
1142	26	75	102	1	0	0	0	2	0
1143	26	96	113	1	0	0	0	3	0
1144	26	97	103	1	0	0	0	4	0
1145	26	95	102	1	0	0	0	5	0
1146	26	53	10	1	0	0	0	6	0
1147	26	93	113	1	0	0	0	7	0
1148	26	75	103	1	0	0	0	8	0
1149	26	96	102	1	0	0	0	9	0
1150	26	97	107	1	0	0	0	10	0
1151	26	109	107	1	0	0	0	11	0
1152	26	95	103	1	0	0	0	12	0
1153	26	53	113	1	0	0	0	13	0
1154	26	109	10	0	1	0	0	14	0
1155	26	75	107	1	0	0	0	15	0
1156	27	88	116	0	1	0	0	1	0
1157	27	38	15	0	1	0	0	2	0
1158	27	48	14	1	0	0	0	3	0
1159	27	35	18	1	0	0	0	4	0
1160	27	83	16	1	0	0	0	5	0
1161	27	88	27	1	0	0	0	6	0
1162	27	38	116	0	1	0	0	7	0
1163	27	48	16	1	0	0	0	8	0
1164	27	35	14	0	1	0	0	9	0
1165	27	83	116	0	1	0	0	10	0
1166	27	88	16	1	0	0	0	11	0
1167	27	38	18	1	0	0	0	12	0
1168	27	48	15	1	0	0	0	13	0
1169	27	35	27	0	1	0	0	14	0
1170	27	83	27	1	0	0	0	15	0
1171	28	67	6	0	1	0	0	1	0
1172	28	19	28	1	0	0	0	2	0
1173	28	22	7	1	0	0	0	3	0
1174	28	20	61	1	0	0	0	4	0
1175	28	106	8	0	1	0	0	5	0
1176	28	67	28	1	0	0	0	6	0
1177	28	19	7	0	1	0	0	7	0
1178	28	22	6	0	1	0	0	8	0
1179	28	20	8	1	0	0	0	9	0
1180	28	106	61	1	0	0	0	10	0
1181	28	67	7	1	0	0	0	11	0
1182	28	19	8	0	1	0	0	12	0
1183	28	22	61	1	0	0	0	13	0
1184	28	20	28	1	0	0	0	14	0
1185	28	106	6	0	1	0	0	15	0
1186	29	13	39	0	1	0	0	1	0
1187	29	11	46	1	0	0	0	2	0
1188	29	31	72	0	1	0	0	3	0
1189	29	12	73	0	1	0	0	4	0
1190	29	30	68	1	0	0	0	5	0
1191	29	13	46	1	0	0	0	6	0
1192	29	11	39	0	1	0	0	7	0
1193	29	31	46	0	1	0	0	8	0
1194	29	12	72	0	1	0	0	9	0
1195	29	30	73	1	0	0	0	10	0
1196	29	13	68	0	1	0	0	11	0
1197	29	11	72	1	0	0	0	12	0
1198	29	12	68	0	1	0	0	13	0
1199	29	30	39	0	1	0	0	14	0
1200	29	31	73	0	1	0	0	15	0
1201	30	2	47	1	0	0	0	1	0
1202	30	63	59	0	1	0	0	2	0
1203	30	1	43	0	1	0	0	3	0
1204	30	55	99	0	1	0	0	4	0
1205	30	4	45	0	1	0	0	5	0
1206	30	2	59	0	1	0	0	6	0
1207	30	63	117	0	1	0	0	7	0
1208	30	1	47	0	1	0	0	8	0
1209	30	55	43	0	1	0	0	9	0
1210	30	63	99	1	0	0	0	10	0
1211	30	4	117	0	1	0	0	11	0
1212	30	2	45	0	1	0	0	12	0
1213	30	4	43	0	1	0	0	13	0
1214	30	55	117	0	1	0	0	14	0
1215	30	1	59	0	1	0	0	15	0
1216	31	10	81	1	0	0	0	1	0
1217	31	103	78	0	1	0	0	2	0
1218	31	113	87	0	1	0	0	3	0
1219	31	118	85	1	0	0	0	4	0
1220	31	10	80	0	1	0	0	5	0
1221	31	113	77	0	1	0	0	6	0
1222	31	107	87	0	1	0	0	7	0
1223	31	119	85	0	1	0	0	8	0
1224	31	119	85	0	1	0	0	9	0
1225	31	10	78	1	0	0	0	10	0
1226	31	113	81	0	1	0	0	11	0
1227	31	103	87	1	0	0	0	12	0
1228	31	107	80	1	0	0	0	13	0
1229	31	103	77	0	1	0	0	14	0
1230	31	107	78	0	1	0	0	15	0
1231	32	23	38	0	1	0	0	1	0
1232	32	66	83	0	1	0	0	2	0
1233	32	89	35	0	1	0	0	3	0
1234	32	23	37	1	0	0	0	4	0
1235	32	66	54	0	1	0	0	5	0
1236	32	120	88	0	1	0	0	6	0
1237	32	23	83	0	1	0	0	7	0
1238	32	66	38	1	0	0	0	8	0
1239	32	65	35	1	0	0	0	9	0
1240	32	89	37	0	1	0	0	10	0
1241	32	120	54	0	1	0	0	11	0
1242	32	65	88	0	1	0	0	12	0
1243	32	89	83	0	1	0	0	13	0
1244	32	120	37	0	1	0	0	14	0
1245	32	65	54	1	0	0	0	15	0
1246	33	9	13	0	1	0	0	1	0
1247	33	6	11	1	0	0	0	2	0
1248	33	8	30	1	0	0	0	3	0
1249	33	9	12	1	0	0	0	4	0
1250	33	7	31	1	0	0	0	5	0
1251	33	9	11	0	1	0	0	6	0
1252	33	61	13	0	1	0	0	7	0
1253	33	6	30	0	1	0	0	8	0
1254	33	7	12	1	0	0	0	9	0
1255	33	8	31	0	1	0	0	10	0
1256	33	7	11	0	1	0	0	11	0
1257	33	61	30	0	1	0	0	12	0
1258	33	6	13	1	0	0	0	13	0
1259	33	8	12	0	1	0	0	14	0
1260	33	61	31	1	0	0	0	15	0
1261	34	49	2	1	0	0	0	1	0
1262	34	41	63	1	0	0	0	2	0
1263	34	51	1	0	1	0	0	3	0
1264	34	42	3	1	0	0	0	4	0
1265	34	49	63	0	1	0	0	5	0
1266	34	40	4	1	0	0	0	6	0
1267	34	41	2	1	0	0	0	7	0
1268	34	51	63	1	0	0	0	8	0
1269	34	42	4	1	0	0	0	9	0
1270	34	40	3	1	0	0	0	10	0
1271	34	49	1	0	1	0	0	11	0
1272	34	41	4	1	0	0	0	12	0
1273	34	51	3	1	0	0	0	13	0
1274	34	42	2	1	0	0	0	14	0
1275	34	40	1	1	0	0	0	15	0
1276	35	46	93	0	1	0	0	1	0
1277	35	72	53	0	1	0	0	2	0
1278	35	60	108	1	0	0	0	3	0
1279	35	46	97	1	0	0	0	4	0
1280	35	73	95	1	0	0	0	5	0
1281	35	72	93	1	0	0	0	6	0
1282	35	39	53	1	0	0	0	7	-1
1283	35	111	97	0	1	0	0	8	0
1284	35	60	95	0	1	0	0	9	0
1285	35	68	95	1	0	0	0	10	0
1286	35	72	97	1	0	0	0	11	0
1287	35	73	108	1	0	0	0	12	0
1288	35	39	93	1	0	0	0	13	0
1289	35	60	53	0	1	0	0	14	0
1290	35	39	108	1	0	0	0	15	0
1291	36	47	67	0	1	0	0	1	0
1292	36	99	19	1	0	0	0	2	0
1293	36	59	22	0	1	0	0	3	0
1294	36	43	20	1	0	0	0	4	0
1295	36	45	21	1	0	0	0	5	0
1296	36	47	19	1	0	0	0	6	0
1297	36	99	22	1	0	0	0	7	0
1298	36	59	67	0	1	0	0	8	0
1299	36	43	21	1	0	0	0	9	0
1300	36	45	20	1	0	0	0	10	-1
1301	36	47	22	0	1	0	0	11	0
1302	36	99	20	1	0	0	0	12	0
1303	36	59	21	1	0	0	0	13	0
1304	36	43	19	0	1	0	0	14	0
1305	36	45	67	0	1	0	0	15	0
1306	37	88	10	1	0	0	0	1	0
1307	37	38	102	1	0	0	0	2	0
1308	37	48	113	1	0	0	0	3	0
1309	37	37	103	1	0	0	0	4	0
1310	37	54	10	1	0	0	0	5	0
1311	37	88	102	1	0	0	0	6	0
1312	37	38	113	1	0	0	0	7	0
1313	37	48	102	1	0	0	0	8	0
1314	37	37	107	1	0	0	0	9	0
1315	37	54	107	1	0	0	0	10	0
1316	37	88	113	1	0	0	0	11	0
1317	37	38	103	1	0	0	0	12	0
1318	37	48	107	1	0	0	0	13	0
1319	37	37	10	1	0	0	0	14	0
1320	37	54	103	1	0	0	0	15	0
1321	38	75	8	0	1	0	0	1	0
1322	38	93	7	1	0	0	0	2	0
1323	38	97	28	1	0	0	0	3	0
1324	38	53	61	1	0	0	0	4	0
1325	38	98	6	1	0	0	0	5	0
1326	38	96	8	0	1	0	0	6	0
1327	38	75	28	0	1	0	0	7	0
1328	38	97	7	0	1	0	0	8	0
1329	38	93	6	1	0	0	0	9	0
1330	38	53	7	1	0	0	0	10	0
1331	38	98	61	0	1	0	0	11	0
1332	38	97	8	1	0	0	0	12	0
1333	38	93	61	1	0	0	0	13	0
1334	38	75	6	1	0	0	0	14	0
1335	38	53	28	0	1	0	0	15	0
1336	39	2	116	1	0	0	0	1	0
1337	39	63	27	1	0	0	0	2	0
1338	39	1	32	1	0	0	0	3	0
1339	39	3	16	0	1	0	0	4	0
1340	39	4	14	1	0	0	0	5	0
1341	39	2	17	1	0	0	0	6	0
1342	39	63	116	0	1	0	0	7	0
1343	39	4	116	1	0	0	0	8	0
1344	39	1	16	0	1	0	0	9	0
1345	39	63	32	1	0	0	0	10	0
1346	39	3	14	1	0	0	0	11	0
1347	39	2	27	1	0	0	0	12	0
1348	39	4	17	0	1	0	0	13	0
1349	39	3	27	1	0	0	0	14	0
1350	39	1	14	1	0	0	0	15	0
1351	40	85	46	0	1	0	0	1	0
1352	40	121	73	0	1	0	0	2	0
1353	40	90	72	0	1	0	0	3	0
1354	40	87	39	0	1	0	0	4	0
1355	40	80	60	0	1	0	0	5	0
1356	40	86	46	0	1	0	0	6	0
1357	40	77	46	0	1	0	0	7	0
1358	40	121	72	1	0	0	0	8	0
1359	40	86	73	0	1	0	0	9	0
1360	40	85	60	1	0	0	0	10	0
1361	40	90	39	0	1	0	0	11	0
1362	40	87	72	1	0	0	0	12	0
1363	40	80	39	0	1	0	0	13	0
1364	40	77	73	1	0	0	0	14	0
1365	40	121	60	1	0	0	0	15	0
1366	41	19	13	0	1	0	0	1	0
1367	41	67	11	1	0	0	0	2	0
1368	41	106	31	1	0	0	0	3	0
1369	41	22	33	0	1	0	0	4	0
1370	41	20	30	0	1	0	0	5	0
1371	41	21	13	0	1	0	0	6	0
1372	41	67	33	0	1	0	0	7	0
1373	41	22	11	1	0	0	0	8	0
1374	41	20	31	1	0	0	0	9	0
1375	41	106	30	0	1	0	0	10	0
1376	41	67	31	1	0	0	0	11	0
1377	41	21	33	1	0	0	0	12	0
1378	41	22	30	0	1	0	0	13	0
1379	41	19	11	0	1	0	0	14	0
1380	41	20	13	0	1	0	0	15	0
1381	42	43	40	1	0	0	0	1	0
1382	42	117	100	1	0	0	0	2	0
1383	42	47	84	1	0	0	0	3	0
1384	42	44	51	1	0	0	0	4	0
1385	42	45	52	1	0	0	0	5	0
1386	42	43	100	1	0	0	0	6	0
1387	42	117	40	0	1	0	0	7	0
1388	42	47	51	0	1	0	0	8	0
1389	42	44	52	1	0	0	0	9	0
1390	42	45	84	1	0	0	0	10	0
1391	42	117	51	1	0	0	0	11	0
1392	42	47	52	0	1	0	0	12	0
1393	42	43	84	0	1	0	0	13	0
1394	42	45	100	1	0	0	0	14	0
1395	42	44	40	1	0	0	0	15	0
1396	43	46	83	0	1	0	0	1	0
1397	43	72	88	1	0	0	0	2	0
1398	43	60	48	1	0	0	0	3	0
1399	43	73	38	0	1	0	0	4	0
1400	43	39	54	1	0	0	0	5	0
1401	43	72	38	0	1	0	0	6	0
1402	43	46	37	0	1	0	0	7	0
1403	43	60	83	0	1	0	0	8	-1
1404	43	39	88	0	1	0	0	9	0
1405	43	46	54	0	1	0	0	10	0
1406	43	72	83	0	1	0	0	11	0
1407	43	39	48	1	0	0	0	12	0
1408	43	60	37	1	0	0	0	13	0
1409	43	73	88	0	1	0	0	14	0
1410	43	73	37	1	0	0	0	15	0
1411	44	28	78	0	1	0	0	1	0
1412	44	9	87	1	0	0	0	2	0
1413	44	8	85	1	0	0	0	3	0
1414	44	7	80	0	1	0	0	4	0
1415	44	6	81	1	0	0	0	5	0
1416	44	28	87	1	0	0	0	6	0
1417	44	9	78	1	0	0	0	7	0
1418	44	7	81	1	0	0	0	8	0
1419	44	8	80	0	1	0	0	9	0
1420	44	6	78	1	0	0	0	10	0
1421	44	7	85	1	0	0	0	11	0
1422	44	28	81	1	0	0	0	12	0
1423	44	9	85	0	1	0	0	13	0
1424	44	8	87	0	1	0	0	14	0
1425	44	6	80	0	1	0	0	15	0
1426	45	49	19	1	0	0	0	1	0
1427	45	41	67	1	0	0	0	2	0
1428	45	42	22	0	1	0	0	3	0
1429	45	51	115	1	0	0	0	4	0
1430	45	52	20	1	0	0	0	5	0
1431	45	40	106	1	0	0	0	6	0
1432	45	41	21	1	0	0	0	7	0
1433	45	42	19	1	0	0	0	8	0
1434	45	51	22	0	1	0	0	9	0
1435	45	52	67	0	1	0	0	10	0
1436	45	40	20	0	1	0	0	11	0
1437	45	41	22	1	0	0	0	12	0
1438	45	42	67	1	0	0	0	13	0
1439	45	51	21	1	0	0	0	14	0
1440	45	40	19	1	0	0	0	15	0
1441	46	31	75	0	1	0	0	1	0
1442	46	11	75	0	1	0	0	2	0
1443	46	29	93	0	1	0	0	3	0
1444	46	13	75	0	1	0	0	4	0
1445	46	31	97	0	1	0	0	5	0
1446	46	33	95	1	0	0	0	6	0
1447	46	29	97	1	0	0	0	7	0
1448	46	11	93	1	0	0	0	8	0
1449	46	33	53	0	1	0	0	9	0
1450	46	13	95	1	0	0	0	10	0
1451	46	29	53	0	1	0	0	11	0
1452	46	11	97	0	1	0	0	12	0
1453	46	33	93	1	0	0	0	13	0
1454	46	31	95	0	1	0	0	14	0
1455	46	13	53	1	0	0	0	15	0
1456	47	15	117	0	1	0	0	1	0
1457	47	14	47	0	1	0	0	2	0
1458	47	116	43	1	0	0	0	3	0
1459	47	17	45	0	1	0	0	4	0
1460	47	27	59	0	1	0	0	5	0
1461	47	16	44	0	1	0	0	6	0
1462	47	14	117	0	1	0	0	7	0
1463	47	116	47	1	0	0	0	8	0
1464	47	15	45	0	1	0	0	9	0
1465	47	17	59	0	1	0	0	10	0
1466	47	27	44	0	1	0	0	11	0
1467	47	16	43	0	1	0	0	12	0
1468	47	116	117	0	1	0	0	13	0
1469	47	14	59	0	1	0	0	14	0
1470	47	16	45	0	1	0	0	15	0
1471	48	89	2	1	0	0	0	1	0
1472	48	120	63	1	0	0	0	2	0
1473	48	122	1	0	1	0	0	3	0
1474	48	65	4	1	0	0	0	4	0
1475	48	26	3	1	0	0	0	5	0
1476	48	34	2	1	0	0	0	6	0
1477	48	89	63	1	0	0	0	7	0
1478	48	120	1	1	0	0	0	8	0
1479	48	122	4	0	1	0	0	9	0
1480	48	65	3	0	1	0	0	10	0
1481	48	26	2	0	1	0	0	11	0
1482	48	34	123	0	1	0	0	12	0
1483	48	120	4	0	1	0	0	13	0
1484	48	89	1	1	0	0	0	14	0
1485	48	122	3	0	1	0	0	15	0
1486	49	43	89	1	0	0	0	1	0
1487	49	117	65	1	0	0	0	2	0
1488	49	44	124	0	1	0	0	3	0
1489	49	47	122	1	0	0	0	4	0
1490	49	59	120	1	0	0	0	5	0
1491	49	43	65	1	0	0	0	6	0
1492	49	117	125	1	0	0	0	7	-1
1493	49	44	89	1	0	0	0	8	0
1494	49	47	124	0	1	0	0	9	0
1495	49	59	122	1	0	0	0	10	0
1496	49	47	125	1	0	0	0	11	0
1497	49	43	120	0	1	0	0	12	0
1498	49	117	89	1	0	0	0	13	0
1499	49	44	65	1	0	0	0	14	0
1500	49	59	124	1	0	0	0	15	0
1501	50	83	61	1	0	0	0	1	0
1502	50	88	6	1	0	0	0	2	-1
1503	50	38	7	0	1	0	0	3	0
1504	50	48	9	1	0	0	0	4	0
1505	50	54	8	1	0	0	0	5	0
1506	50	37	7	1	0	0	0	6	0
1507	50	83	9	0	1	0	0	7	0
1508	50	88	61	1	0	0	0	8	0
1509	50	48	8	1	0	0	0	9	0
1510	50	54	6	0	1	0	0	10	0
1511	50	37	9	1	0	0	0	11	0
1512	50	83	7	1	0	0	0	12	0
1513	50	88	8	1	0	0	0	13	-1
1514	50	48	6	1	0	0	0	14	0
1515	50	37	61	1	0	0	0	15	0
1516	51	49	15	0	1	0	0	1	0
1517	51	40	116	1	0	0	0	2	0
1518	51	51	14	1	0	0	0	3	0
1519	51	42	16	1	0	0	0	4	0
1520	51	41	27	1	0	0	0	5	0
1521	51	49	17	0	1	0	0	6	0
1522	51	40	15	0	1	0	0	7	0
1523	51	51	116	1	0	0	0	8	0
1524	51	42	14	1	0	0	0	9	0
1525	51	41	17	0	1	0	0	10	0
1526	51	49	27	1	0	0	0	11	0
1527	51	40	16	1	0	0	0	12	0
1528	51	51	15	0	1	0	0	13	0
1529	51	42	17	1	0	0	0	14	0
1530	51	41	116	1	0	0	0	15	0
1531	52	19	93	1	0	0	0	1	0
1532	52	67	75	1	0	0	0	2	0
1533	52	22	97	1	0	0	0	3	0
1534	52	20	95	1	0	0	0	4	0
1535	52	106	53	0	1	0	0	5	0
1536	52	21	109	1	0	0	0	6	0
1537	52	67	93	1	0	0	0	7	0
1538	52	19	95	1	0	0	0	8	0
1539	52	22	75	1	0	0	0	9	0
1540	52	20	97	0	1	0	0	10	0
1541	52	21	53	0	1	0	0	11	0
1542	52	67	97	1	0	0	0	12	0
1543	52	19	75	0	1	0	0	13	0
1544	52	22	93	0	1	0	0	14	0
1545	52	20	53	1	0	0	0	15	0
1546	53	2	10	1	0	0	0	1	0
1547	53	63	113	1	0	0	0	2	0
1548	53	55	102	1	0	0	0	3	0
1549	53	4	103	1	0	0	0	4	0
1550	53	123	102	0	1	0	0	5	0
1551	53	1	10	0	1	0	0	6	0
1552	53	2	113	1	0	0	0	7	0
1553	53	63	103	1	0	0	0	8	0
1554	53	55	107	1	0	0	0	9	0
1555	53	4	10	0	1	0	0	10	0
1556	53	63	107	1	0	0	0	11	0
1557	53	123	103	1	0	0	0	12	0
1558	53	2	102	1	0	0	0	13	0
1559	53	55	107	1	0	0	0	14	0
1560	53	1	113	1	0	0	0	15	0
1561	54	87	31	1	0	0	0	1	0
1562	54	81	13	0	1	0	0	2	0
1563	54	85	12	1	0	0	0	3	0
1564	54	86	13	0	1	0	0	4	0
1565	54	78	33	1	0	0	0	5	0
1566	54	77	31	0	1	0	0	6	0
1567	54	78	30	1	0	0	0	7	0
1568	54	86	12	0	1	0	0	8	0
1569	54	85	33	0	1	0	0	9	0
1570	54	87	30	1	0	0	0	10	0
1571	54	86	31	1	0	0	0	11	0
1572	54	81	33	0	1	0	0	12	0
1573	54	78	12	0	1	0	0	13	0
1574	54	87	13	1	0	0	0	14	0
1575	54	77	30	1	0	0	0	15	0
1576	55	93	78	1	0	0	0	1	0
1577	55	93	80	1	0	0	0	2	0
1578	55	97	87	0	1	0	0	3	0
1579	55	95	81	0	1	0	0	4	0
1580	55	93	85	1	0	0	0	5	0
1581	55	96	87	0	1	0	0	6	0
1582	55	98	80	0	1	0	0	7	0
1583	55	53	78	1	0	0	0	8	0
1584	55	97	81	1	0	0	0	9	0
1585	55	96	85	1	0	0	0	10	0
1586	55	53	87	1	0	0	0	11	0
1587	55	98	85	0	1	0	0	12	0
1588	55	97	78	0	1	0	0	13	0
1589	55	96	81	1	0	0	0	14	0
1590	55	53	80	1	0	0	0	15	0
1591	56	10	47	0	1	0	0	1	0
1592	56	102	43	0	1	0	0	2	0
1593	56	103	117	0	1	0	0	3	0
1594	56	113	44	0	1	0	0	4	0
1595	56	114	59	0	1	0	0	5	0
1596	56	10	45	1	0	0	0	6	0
1597	56	102	47	0	1	0	0	7	0
1598	56	113	43	0	1	0	0	8	0
1599	56	107	117	0	1	0	0	9	0
1600	56	10	59	0	1	0	0	10	0
1601	56	102	45	0	1	0	0	11	0
1602	56	113	117	0	1	0	0	12	0
1603	56	107	44	0	1	0	0	13	0
1604	56	103	47	0	1	0	0	14	0
1605	56	103	59	0	1	0	0	15	0
1606	57	12	48	1	0	0	0	1	0
1607	57	31	35	1	0	0	0	2	0
1608	57	29	83	0	1	0	0	3	0
1609	57	30	54	0	1	0	0	4	-1
1610	57	12	37	0	1	0	0	5	0
1611	57	31	48	0	1	0	0	6	0
1612	57	29	54	0	1	0	0	7	0
1613	57	12	83	1	0	0	0	8	0
1614	57	30	88	1	0	0	0	9	0
1615	57	31	37	1	0	0	0	10	0
1616	57	30	83	1	0	0	0	11	0
1617	57	29	88	0	1	0	0	12	0
1618	57	33	37	1	0	0	0	13	0
1619	57	33	54	0	1	0	0	14	0
1620	57	33	48	1	0	0	0	15	0
1621	58	15	67	0	1	0	0	1	0
1622	58	14	19	1	0	0	0	2	0
1623	58	57	22	1	0	0	0	3	0
1624	58	17	20	0	1	0	0	4	0
1625	58	27	21	1	0	0	0	5	0
1626	58	116	67	0	1	0	0	6	0
1627	58	14	22	0	1	0	0	7	0
1628	58	57	19	1	0	0	0	8	0
1629	58	27	20	0	1	0	0	9	0
1630	58	15	21	0	1	0	0	10	0
1631	58	17	67	0	1	0	0	11	0
1632	58	116	22	1	0	0	0	12	0
1633	58	57	20	1	0	0	0	13	0
1634	58	27	19	1	0	0	0	14	0
1635	58	116	21	1	0	0	0	15	0
1636	59	39	2	1	0	0	0	1	0
1637	59	72	63	1	0	0	0	2	0
1638	59	46	1	0	1	0	0	3	0
1639	59	60	3	0	1	0	0	4	0
1640	59	46	4	1	0	0	0	5	0
1641	59	68	123	0	1	0	0	6	0
1642	59	46	2	1	0	0	0	7	0
1643	59	72	1	0	1	0	0	8	0
1644	59	73	63	1	0	0	0	9	0
1645	59	60	4	0	1	0	0	10	0
1646	59	39	3	0	1	0	0	11	0
1647	59	72	123	0	1	0	0	12	0
1648	59	39	1	1	0	0	0	13	0
1649	59	73	4	0	1	0	0	14	0
1650	59	73	123	0	1	0	0	15	0
1651	60	89	49	1	0	0	0	1	0
1652	60	65	42	1	0	0	0	2	0
1653	60	124	51	0	1	0	0	3	0
1654	60	126	50	0	1	0	0	4	0
1655	60	120	41	0	1	0	0	5	0
1656	60	89	42	0	1	0	0	6	0
1657	60	65	49	1	0	0	0	7	0
1658	60	124	41	1	0	0	0	8	0
1659	60	126	51	0	1	0	0	9	0
1660	60	120	50	0	1	0	0	10	0
1661	60	89	41	0	1	0	0	11	0
1662	60	65	51	0	1	0	0	12	0
1663	60	124	50	1	0	0	0	13	0
1664	60	126	49	0	1	0	0	14	0
1665	60	120	42	0	1	0	0	15	0
1666	61	40	102	1	0	0	0	1	0
1667	61	51	102	1	0	0	0	2	0
1668	61	42	102	1	0	0	0	3	0
1669	61	52	10	1	0	0	0	4	0
1670	61	41	10	1	0	0	0	5	0
1671	61	40	103	1	0	0	0	6	0
1672	61	51	107	1	0	0	0	7	0
1673	61	42	10	1	0	0	0	8	0
1674	61	52	103	1	0	0	0	9	0
1675	61	41	107	1	0	0	0	10	0
1676	61	42	103	1	0	0	0	11	0
1677	61	52	107	1	0	0	0	12	0
1678	61	0	0	1	0	0	0	13	0
1679	61	0	0	1	0	0	0	14	0
1680	61	0	0	1	0	0	0	15	0
1681	62	36	95	1	0	0	0	1	0
1682	62	38	93	1	0	0	0	2	0
1683	62	82	97	1	0	0	0	3	0
1684	62	35	75	1	0	0	0	4	0
1685	62	83	96	1	0	0	0	5	0
1686	62	36	53	1	0	0	0	6	0
1687	62	82	95	1	0	0	0	7	0
1688	62	38	97	1	0	0	0	8	0
1689	62	54	93	1	0	0	0	9	0
1690	62	35	53	0	1	0	0	10	0
1691	62	88	93	0	1	0	0	11	0
1692	62	82	75	1	0	0	0	12	0
1693	62	54	95	0	1	0	0	13	0
1694	62	88	53	1	0	0	0	14	-1
1695	62	36	97	1	0	0	0	15	0
1696	63	2	8	1	0	0	0	1	0
1697	63	63	9	0	1	0	0	2	0
1698	63	3	7	1	0	0	0	3	0
1699	63	4	61	0	1	0	0	4	0
1700	63	1	6	1	0	0	0	5	0
1701	63	55	8	1	0	0	0	6	0
1702	63	2	9	0	1	0	0	7	0
1703	63	63	7	0	1	0	0	8	0
1704	63	3	61	0	1	0	0	9	0
1705	63	4	6	0	1	0	0	10	0
1706	63	1	7	0	1	0	0	11	0
1707	63	55	9	0	1	0	0	12	0
1708	63	2	61	0	1	0	0	13	0
1709	63	3	6	0	1	0	0	14	0
1710	63	1	8	0	1	0	0	15	0
1711	64	43	46	1	0	0	0	1	0
1712	64	44	39	1	0	0	0	2	0
1713	64	47	60	1	0	0	0	3	0
1714	64	99	72	1	0	0	0	4	0
1715	64	59	68	1	0	0	0	5	0
1716	64	43	73	1	0	0	0	6	0
1717	64	44	60	1	0	0	0	7	0
1718	64	47	39	0	1	0	0	8	0
1719	64	99	46	0	1	0	0	9	0
1720	64	59	72	0	1	0	0	10	0
1721	64	43	39	1	0	0	0	11	0
1722	64	44	72	1	0	0	0	12	0
1723	64	47	68	1	0	0	0	13	0
1724	64	99	73	1	0	0	0	14	0
1725	64	59	60	1	0	0	0	15	0
1726	65	19	77	0	1	0	0	1	0
1727	65	67	85	1	0	0	0	2	0
1728	65	22	87	0	1	0	0	3	0
1729	65	21	81	0	1	0	0	4	0
1730	65	20	86	1	0	0	0	5	0
1731	65	19	85	0	1	0	0	6	0
1732	65	67	78	1	0	0	0	7	0
1733	65	22	86	1	0	0	0	8	0
1734	65	21	85	0	1	0	0	9	0
1735	65	20	87	0	1	0	0	10	0
1736	65	19	81	0	1	0	0	11	0
1737	65	67	87	0	1	0	0	12	0
1738	65	21	77	1	0	0	0	13	0
1739	65	22	77	0	1	0	0	14	0
1740	65	20	78	1	0	0	0	15	0
1741	66	116	89	0	1	0	0	1	0
1742	66	14	120	0	1	0	0	2	0
1743	66	15	124	1	0	0	0	3	0
1744	66	16	122	0	1	0	0	4	0
1745	66	17	126	1	0	0	0	5	0
1746	66	27	127	1	0	0	0	6	0
1747	66	116	122	1	0	0	0	7	0
1748	66	15	65	0	1	0	0	8	0
1749	66	17	89	0	1	0	0	9	0
1750	66	27	120	1	0	0	0	10	0
1751	66	14	127	1	0	0	0	11	0
1752	66	16	124	0	1	0	0	12	0
1753	66	116	65	1	0	0	0	13	0
1754	66	27	126	0	1	0	0	14	0
1755	66	15	89	1	0	0	0	15	0