# VBA tblplayerresult data
# Paste data below:

PlayerResultID	MatchNo	FrameNo	PlayerID	Played	Result	EightBall	OppRating	PlayerRating	WeekNo
1	1	1	93	43	-1	0	1000	1250	1
2	1	1	43	93	0	0	1000	750	1
3	1	2	95	44	0	0	1000	750	1
4	1	2	44	95	-1	-1	1000	1350	1
5	1	3	75	45	0	0	1000	750	1
6	1	3	45	75	-1	0	1000	1250	1
7	1	4	96	99	0	0	1000	750	1
8	1	4	99	96	-1	0	1000	1250	1
9	1	5	97	59	-1	0	1000	1250	1
10	1	5	59	97	0	0	1000	750	1
11	1	6	98	43	-1	0	1000	1250	1
12	1	6	43	98	0	0	1000	750	1
13	1	7	53	44	0	0	1000	750	1
14	1	7	44	53	-1	0	1000	1250	1
15	1	8	93	45	-1	0	1000	1250	1
16	1	8	45	93	0	0	1000	750	1
17	1	9	95	59	0	0	1000	750	1
18	1	9	59	95	-1	0	1000	1250	1
19	1	10	97	99	-1	0	1000	1250	1
20	1	10	99	97	0	0	1000	750	1
21	1	11	75	44	0	0	1000	750	1
22	1	11	44	75	-1	0	1000	1250	1
23	1	12	98	99	0	0	1000	750	1
24	1	12	99	98	-1	0	1000	1250	1
25	1	13	53	45	0	0	1000	750	1
26	1	13	45	53	-1	-1	1000	1350	1
27	1	14	93	59	-1	0	1000	1250	1
28	1	14	59	93	0	0	1000	750	1
29	1	15	97	43	-1	0	1000	1250	1
30	1	15	43	97	0	0	1000	750	1
31	2	6	31	42	0	0	1000	750	1
32	2	6	42	31	-1	0	1000	1250	1
33	2	7	11	51	-1	0	1000	1250	1
34	2	7	51	11	0	0	1000	750	1
35	2	8	13	100	-1	0	1000	1250	1
36	2	8	100	13	0	0	1000	750	1
37	2	9	33	49	0	0	1000	750	1
38	2	9	49	33	-1	0	1000	1250	1
39	2	10	101	100	-1	0	1000	1250	1
40	2	10	100	101	0	0	1000	750	1
41	2	11	13	40	0	0	1000	750	1
42	2	11	40	13	-1	0	1000	1250	1
43	2	12	11	42	-1	0	1000	1250	1
44	2	12	42	11	0	0	1000	750	1
45	2	13	31	49	-1	0	1000	1250	1
46	2	13	49	31	0	0	1000	750	1
47	2	14	33	40	0	0	1000	750	1
48	2	14	40	33	-1	0	1000	1250	1
49	2	15	101	51	0	0	1000	750	1
50	2	15	51	101	-1	0	1000	1250	1
51	2	1	31	51	0	0	1000	750	1
52	2	1	51	31	-1	-1	1000	1350	1
53	2	2	11	49	0	0	1000	750	1
54	2	2	49	11	-1	0	1000	1250	1
55	2	3	13	42	0	0	1000	750	1
56	2	3	42	13	-1	0	1000	1250	1
57	2	4	33	100	0	0	1000	750	1
58	2	4	100	33	-1	0	1000	1250	1
59	2	5	101	40	-1	0	1000	1250	1
60	2	5	40	101	0	0	1000	750	1
61	3	1	90	2	0	0	1000	750	1
62	3	1	2	90	-1	0	1000	1250	1
63	3	2	85	5	0	0	1000	750	1
64	3	2	5	85	-1	0	1000	1250	1
65	3	3	86	63	-1	0	1000	1250	1
66	3	3	63	86	0	0	1000	750	1
67	3	4	87	4	0	0	1000	750	1
68	3	4	4	87	-1	0	1000	1250	1
69	3	5	90	3	-1	0	1000	1250	1
70	3	5	3	90	0	0	1000	750	1
71	3	6	85	2	-1	0	1000	1250	1
72	3	6	2	85	0	0	1000	750	1
73	3	7	78	5	-1	0	1000	1250	1
74	3	7	5	78	0	0	1000	750	1
75	3	8	81	63	0	0	1000	750	1
76	3	8	63	81	-1	0	1000	1250	1
77	3	9	77	4	0	0	1000	750	1
78	3	9	4	77	-1	0	1000	1250	1
79	3	10	86	3	-1	0	1000	1250	1
80	3	10	3	86	0	0	1000	750	1
81	3	11	78	63	0	0	1000	750	1
82	3	11	63	78	-1	0	1000	1250	1
83	3	12	87	5	0	0	1000	750	1
84	3	12	5	87	-1	0	1000	1250	1
85	3	13	81	4	-1	0	1000	1250	1
86	3	13	4	81	0	0	1000	750	1
87	3	14	77	3	-1	0	1000	1250	1
88	3	14	3	77	0	0	1000	750	1
89	3	15	86	2	-1	0	1000	1250	1
90	3	15	2	86	0	0	1000	750	1
91	4	1	39	89	0	0	1000	750	1
92	4	1	89	39	-1	0	1000	1250	1
93	4	2	72	65	0	0	1000	750	1
94	4	2	65	72	-1	0	1000	1250	1
95	4	3	46	23	-1	0	1000	1250	1
96	4	3	23	46	0	0	1000	750	1
97	4	4	60	66	-1	0	1000	1250	1
98	4	4	66	60	0	0	1000	750	1
99	4	5	73	24	-1	0	1000	1250	1
100	4	5	24	73	0	0	1000	750	1
101	4	6	46	89	0	0	1000	750	1
102	4	6	89	46	-1	0	1000	1250	1
103	4	7	39	66	0	0	1000	750	1
104	4	7	66	39	-1	0	1000	1250	1
105	4	8	72	24	-1	0	1000	1250	1
106	4	8	24	72	0	0	1000	750	1
107	4	9	46	65	0	0	1000	750	1
108	4	9	65	46	-1	0	1000	1250	1
109	4	10	60	23	-1	0	1000	1250	1
110	4	10	23	60	0	0	1000	750	1
111	4	11	73	89	0	0	1000	750	1
112	4	11	89	73	-1	0	1000	1250	1
113	4	12	72	66	-1	0	1000	1250	1
114	4	12	66	72	0	0	1000	750	1
115	4	13	60	65	-1	0	1000	1250	1
116	4	13	65	60	0	0	1000	750	1
117	4	14	39	24	-1	0	1000	1250	1
118	4	14	24	39	0	0	1000	750	1
119	4	15	73	23	-1	0	1000	1250	1
120	4	15	23	73	0	0	1000	750	1
121	5	1	19	102	0	0	1000	750	1
122	5	1	102	19	-1	0	1000	1250	1
123	5	2	67	103	-1	0	1000	1250	1
124	5	2	103	67	0	0	1000	750	1
125	5	3	22	10	0	0	1000	750	1
126	5	3	10	22	-1	0	1000	1250	1
127	5	4	20	102	-1	0	1000	1250	1
128	5	4	102	20	0	0	1000	750	1
129	5	5	106	104	0	0	1000	750	1
130	5	5	104	106	-1	0	1000	1250	1
131	5	6	21	105	0	0	1000	750	1
132	5	6	105	21	-1	0	1000	1250	1
133	5	7	19	10	-1	0	1000	1250	1
134	5	7	10	19	0	0	1000	750	1
135	5	8	67	105	-1	0	1000	1250	1
136	5	8	105	67	0	0	1000	750	1
137	5	9	22	102	-1	0	1000	1250	1
138	5	9	102	22	0	0	1000	750	1
139	5	10	20	104	-1	0	1000	1250	1
140	5	10	104	20	0	0	1000	750	1
141	5	11	67	10	-1	0	1000	1250	1
142	5	11	10	67	0	0	1000	750	1
143	5	12	21	103	-1	0	1000	1250	1
144	5	12	103	21	0	0	1000	750	1
145	5	13	106	105	0	0	1000	750	1
146	5	13	105	106	-1	0	1000	1250	1
147	5	14	20	103	-1	0	1000	1250	1
148	5	14	103	20	0	0	1000	750	1
149	5	15	19	104	-1	0	1000	1250	1
150	5	15	104	19	0	0	1000	750	1
151	6	1	28	15	0	0	1000	750	1
152	6	1	15	28	-1	0	1000	1250	1
153	6	2	9	14	0	0	1000	750	1
154	6	2	14	9	-1	0	1000	1250	1
155	6	3	7	32	0	0	1000	750	1
156	6	3	32	7	-1	0	1000	1250	1
157	6	4	61	27	0	0	1000	750	1
158	6	4	27	61	-1	0	1000	1250	1
159	6	5	28	16	-1	0	1000	1250	1
160	6	5	16	28	0	0	1000	750	1
161	6	6	6	27	0	0	1000	750	1
162	6	6	27	6	-1	0	1000	1250	1
163	6	7	9	15	-1	0	1000	1250	1
164	6	7	15	9	0	0	1000	750	1
165	6	8	7	16	0	0	1000	750	1
166	6	8	16	7	-1	0	1000	1250	1
167	6	9	28	14	-1	0	1000	1250	1
168	6	9	14	28	0	0	1000	750	1
169	6	10	61	32	-1	0	1000	1250	1
170	6	10	32	61	0	0	1000	750	1
171	6	11	6	16	0	0	1000	750	1
172	6	11	16	6	-1	0	1000	1250	1
173	6	12	7	27	-1	0	1000	1250	1
174	6	12	27	7	0	0	1000	750	1
175	6	13	61	15	-1	0	1000	1250	1
176	6	13	15	61	0	0	1000	750	1
177	6	14	9	32	0	0	1000	750	1
178	6	14	32	9	-1	0	1000	1250	1
179	6	15	6	14	-1	0	1000	1250	1
180	6	15	14	6	0	0	1000	750	1
181	7	1	43	78	0	0	1016	762	2
182	7	1	78	43	-1	0	764	955	2
183	7	2	58	85	0	0	1021	766	2
184	7	2	85	58	-1	0	1000	1250	2
185	7	3	44	81	0	0	1021	766	2
186	7	3	81	44	-1	0	1306	1632	2
187	7	4	99	78	-1	0	1016	1270	2
188	7	4	78	99	0	0	1103	827	2
189	7	5	59	87	-1	0	764	955	2
190	7	5	87	59	0	0	934	700	2
191	7	6	43	77	-1	0	1021	1276	2
192	7	6	77	43	0	0	764	573	2
193	7	7	58	80	0	0	1000	750	2
194	7	7	80	58	-1	0	1000	1250	2
195	7	8	44	85	-1	0	1021	1276	2
196	7	8	85	44	0	0	1306	980	2
197	7	9	99	81	-1	0	1021	1276	2
198	7	9	81	99	0	0	1103	827	2
199	7	10	59	78	-1	-1	1016	1372	2
200	7	10	78	59	0	0	934	700	2
201	7	11	43	87	-1	0	764	955	2
202	7	11	87	43	0	0	764	573	2
203	7	12	58	78	-1	0	1016	1270	2
204	7	12	78	58	0	0	1000	750	2
205	7	13	44	80	-1	0	1000	1250	2
206	7	13	80	44	0	0	1306	980	2
207	7	14	99	77	-1	0	1021	1276	2
208	7	14	77	99	0	0	1103	827	2
209	7	15	59	81	-1	0	1021	1276	2
210	7	15	81	59	0	0	934	700	2
211	8	1	102	39	0	0	937	703	2
212	8	1	39	102	-1	0	931	1164	2
213	8	2	102	46	0	0	931	698	2
214	8	2	46	102	-1	0	931	1164	2
215	8	3	103	72	0	0	1106	830	2
216	8	3	72	103	-1	0	764	955	2
217	8	4	10	60	0	0	1273	955	2
218	8	4	60	10	-1	0	931	1164	2
219	8	5	102	72	0	0	1106	830	2
220	8	5	72	102	-1	0	931	1164	2
221	8	6	10	68	0	0	1000	750	2
222	8	6	68	10	-1	0	931	1164	2
223	8	7	103	46	0	0	931	698	2
224	8	7	46	103	-1	0	764	955	2
225	8	8	107	46	0	0	931	698	2
226	8	8	46	107	-1	0	1000	1250	2
227	8	9	107	72	0	0	1106	830	2
228	8	9	72	107	-1	0	1000	1250	2
229	8	10	10	39	0	0	937	703	2
230	8	10	39	10	-1	0	931	1164	2
231	8	11	103	60	0	0	1273	955	2
232	8	11	60	103	-1	0	764	955	2
233	8	12	107	68	0	0	1000	750	2
234	8	12	68	107	-1	0	1000	1250	2
235	8	13	0	0	0	0	1000	750	2
236	8	13	0	0	-1	0	1000	1250	2
237	8	14	0	0	0	0	1000	750	2
238	8	14	0	0	-1	0	1000	1250	2
239	8	15	0	0	0	0	1000	750	2
240	8	15	0	0	-1	0	1000	1250	2
241	9	1	89	9	0	0	934	700	2
242	9	1	9	89	-1	0	1273	1591	2
243	9	2	65	7	0	0	937	703	2
244	9	2	7	65	-1	0	1100	1375	2
245	9	3	23	28	0	0	1106	830	2
246	9	3	28	23	-1	0	764	955	2
247	9	4	66	6	0	0	937	703	2
248	9	4	6	66	-1	0	934	1168	2
249	9	5	26	61	-1	0	1106	1382	2
250	9	5	61	26	0	0	1000	750	2
251	9	6	34	7	0	0	937	703	2
252	9	6	7	34	-1	0	1000	1250	2
253	9	7	65	28	-1	0	1106	1382	2
254	9	7	28	65	0	0	1100	825	2
255	9	8	23	9	-1	0	934	1168	2
256	9	8	9	23	0	0	764	573	2
257	9	9	66	61	0	0	1106	830	2
258	9	9	61	66	-1	0	934	1168	2
259	9	10	89	6	0	0	937	703	2
260	9	10	6	89	-1	0	1273	1591	2
261	9	11	26	28	0	0	1106	830	2
262	9	11	28	26	-1	0	1000	1250	2
263	9	12	65	61	0	0	1106	830	2
264	9	12	61	65	-1	0	1100	1375	2
265	9	13	34	9	0	0	934	700	2
266	9	13	9	34	-1	0	1000	1250	2
267	9	14	89	7	-1	0	937	1171	2
268	9	14	7	89	0	0	1273	955	2
269	9	15	23	6	0	0	937	703	2
270	9	15	6	23	-1	0	764	955	2
271	10	1	49	93	0	0	1273	955	2
272	10	1	93	49	-1	0	1103	1379	2
273	10	2	42	95	-1	0	764	955	2
274	10	2	95	42	0	0	1103	827	2
275	10	3	41	97	-1	0	1273	1591	2
276	10	3	97	41	0	0	1000	750	2
277	10	4	51	108	0	0	1000	750	2
278	10	4	108	51	-1	0	1141	1426	2
279	10	5	40	53	-1	0	764	955	2
280	10	5	53	40	0	0	1100	825	2
281	10	6	49	95	0	0	764	573	2
282	10	6	95	49	-1	0	1103	1379	2
283	10	7	42	93	0	0	1273	955	2
284	10	7	93	42	-1	0	1103	1379	2
285	10	8	41	108	-1	0	1000	1250	2
286	10	8	108	41	0	0	1000	750	2
287	10	9	51	53	-1	0	764	955	2
288	10	9	53	51	0	0	1141	856	2
289	10	10	40	97	0	0	1273	955	2
290	10	10	97	40	-1	0	1100	1375	2
291	10	11	49	97	-1	0	1273	1591	2
292	10	11	97	49	0	0	1103	827	2
293	10	12	42	53	0	0	764	573	2
294	10	12	53	42	-1	0	1103	1379	2
295	10	13	41	93	0	0	1273	955	2
296	10	13	93	41	-1	0	1000	1250	2
297	10	14	51	95	-1	0	764	955	2
298	10	14	95	51	0	0	1141	856	2
299	10	15	40	108	-1	0	1000	1250	2
300	10	15	108	40	0	0	1100	825	2
301	11	1	14	29	0	0	1000	750	2
302	11	1	29	14	-1	0	931	1164	2
303	11	2	18	11	0	0	1100	825	2
304	11	2	11	18	-1	0	1000	1250	2
305	11	3	15	29	0	0	1000	750	2
306	11	3	29	15	-1	0	931	1164	2
307	11	4	17	12	0	0	1000	750	2
308	11	4	12	17	-1	0	1000	1250	2
309	11	5	27	30	0	0	1000	750	2
310	11	5	30	27	-1	0	1100	1375	2
311	11	6	16	31	0	0	934	700	2
312	11	6	31	16	-1	0	1106	1382	2
313	11	7	14	13	0	0	931	698	2
314	11	7	13	14	-1	0	931	1164	2
315	11	8	18	101	0	0	1103	827	2
316	11	8	101	18	-1	0	1000	1250	2
317	11	9	15	11	0	0	1100	825	2
318	11	9	11	15	-1	0	931	1164	2
319	11	10	17	30	-1	0	1000	1250	2
320	11	10	30	17	0	0	1000	750	2
321	11	11	27	12	-1	0	1000	1250	2
322	11	11	12	27	0	0	1100	825	2
323	11	12	16	101	0	0	1103	827	2
324	11	12	101	16	-1	0	1106	1382	2
325	11	13	17	31	0	0	934	700	2
326	11	13	31	17	-1	0	1000	1250	2
327	11	14	18	13	0	0	931	698	2
328	11	14	13	18	-1	0	1000	1250	2
329	11	15	14	11	0	0	1100	825	2
330	11	15	11	14	-1	0	931	1164	2
331	12	1	2	83	0	0	1000	750	2
332	12	1	83	2	-1	0	931	1164	2
333	12	2	1	62	-1	0	1000	1250	2
334	12	2	62	1	0	0	1000	750	2
335	12	3	63	38	0	0	1000	750	2
336	12	3	38	63	-1	0	1106	1382	2
337	12	4	4	35	0	0	1000	750	2
338	12	4	35	4	-1	0	1100	1375	2
339	12	5	3	48	-1	0	1000	1250	2
340	12	5	48	3	0	0	764	573	2
341	12	6	2	88	0	0	1000	750	2
342	12	6	88	2	-1	0	931	1164	2
343	12	7	1	54	0	0	1000	750	2
344	12	7	54	1	-1	0	1000	1250	2
345	12	8	63	83	-1	0	1000	1250	2
346	12	8	83	63	0	0	1106	830	2
347	12	9	4	62	0	0	1000	750	2
348	12	9	62	4	-1	0	1100	1375	2
349	12	10	3	38	0	0	1000	750	2
350	12	10	38	3	-1	0	764	955	2
351	12	11	2	35	0	0	1000	750	2
352	12	11	35	2	-1	0	931	1164	2
353	12	12	1	48	-1	0	1000	1250	2
354	12	12	48	1	0	0	1000	750	2
355	12	13	63	88	0	0	1000	750	2
356	12	13	88	63	-1	0	1106	1382	2
357	12	14	4	54	0	0	1000	750	2
358	12	14	54	4	-1	0	1100	1375	2
359	12	15	3	37	0	0	1000	750	2
360	12	15	37	3	-1	0	764	955	2
361	13	1	38	43	0	0	964	723	3
362	13	1	43	38	-1	0	1188	1485	3
363	13	2	83	45	0	0	999	749	3
364	13	2	45	83	-1	0	1014	1268	3
365	13	3	48	47	0	0	1000	750	3
366	13	3	47	48	-1	0	674	842	3
367	13	4	37	59	-1	0	1103	1379	3
368	13	4	59	37	0	0	972	729	3
369	13	5	35	44	-1	0	1062	1328	3
370	13	5	44	35	0	0	1292	969	3
371	13	6	62	58	0	0	949	712	3
372	13	6	58	62	-1	0	1085	1356	3
373	13	7	38	45	-1	0	999	1249	3
374	13	7	45	38	0	0	1188	891	3
375	13	8	83	43	-1	0	964	1205	3
376	13	8	43	83	0	0	1014	760	3
377	13	9	48	59	0	0	1103	827	3
378	13	9	59	48	-1	0	674	842	3
379	13	10	35	47	0	0	1000	750	3
380	13	10	47	35	-1	0	1292	1615	3
381	13	11	37	44	-1	0	1062	1328	3
382	13	11	44	37	0	0	972	729	3
383	13	12	62	45	-1	0	999	1249	3
384	13	12	45	62	0	0	1085	814	3
385	13	13	83	58	0	0	949	712	3
386	13	13	58	83	-1	0	1014	1268	3
387	13	14	38	47	0	0	1000	750	3
388	13	14	47	38	-1	0	1188	1485	3
389	13	15	48	58	0	0	949	712	3
390	13	15	58	48	-1	0	674	842	3
391	14	1	93	15	0	0	910	682	3
392	14	1	15	93	-1	0	1285	1606	3
393	14	2	95	27	0	0	1068	801	3
394	14	2	27	95	-1	0	968	1210	3
395	14	3	96	32	-1	0	1076	1345	3
396	14	3	32	96	0	0	842	632	3
397	14	4	97	17	-1	0	916	1145	3
398	14	4	17	97	0	0	1093	820	3
399	14	5	75	14	-1	0	842	1052	3
400	14	5	14	75	0	0	934	700	3
401	14	6	53	18	-1	0	797	996	3
402	14	6	18	53	0	0	1000	750	3
403	14	7	93	27	-1	0	1068	1335	3
404	14	7	27	93	0	0	1285	964	3
405	14	8	96	15	0	0	910	682	3
406	14	8	15	96	-1	0	842	1052	3
407	14	9	75	17	-1	0	916	1145	3
408	14	9	17	75	0	0	934	700	3
409	14	10	97	32	0	0	1076	807	3
410	14	10	32	97	-1	0	1093	1366	3
411	14	11	53	14	-1	0	842	1052	3
412	14	11	14	53	0	0	1000	750	3
413	14	12	109	18	-1	0	797	996	3
414	14	12	18	109	0	0	1000	750	3
415	14	13	75	27	-1	0	1068	1335	3
416	14	13	27	75	0	0	934	700	3
417	14	14	97	15	0	0	910	682	3
418	14	14	15	97	-1	-1	1093	1476	3
419	14	15	53	32	-1	0	1076	1345	3
420	14	15	32	53	0	0	1000	750	3
421	15	1	31	23	-1	0	881	1101	3
422	15	1	23	31	0	0	1163	872	3
423	15	2	11	23	0	0	881	661	3
424	15	2	23	11	-1	0	1222	1528	3
425	15	3	13	23	0	0	881	661	3
426	15	3	23	13	-1	0	1069	1336	3
427	15	4	101	89	-1	0	1065	1331	3
428	15	4	89	101	0	0	1233	925	3
429	15	5	30	66	0	0	912	684	3
430	15	5	66	30	-1	0	1079	1349	3
431	15	6	31	65	0	0	1086	814	3
432	15	6	65	31	-1	0	1163	1454	3
433	15	7	11	89	-1	0	1065	1331	3
434	15	7	89	11	0	0	1222	916	3
435	15	8	13	66	-1	0	912	1140	3
436	15	8	66	13	0	0	1069	802	3
437	15	9	101	65	0	0	1086	814	3
438	15	9	65	101	-1	0	1233	1541	3
439	15	10	30	89	-1	0	1065	1331	3
440	15	10	89	30	0	0	1079	809	3
441	15	11	31	66	0	0	912	684	3
442	15	11	66	31	-1	0	1163	1454	3
443	15	12	11	65	-1	0	1086	1358	3
444	15	12	65	11	0	0	1222	916	3
445	15	13	13	110	-1	0	1000	1250	3
446	15	13	110	13	0	0	1069	802	3
447	15	14	101	110	-1	0	1000	1250	3
448	15	14	110	101	0	0	1233	925	3
449	15	15	30	110	0	0	1000	750	3
450	15	15	110	30	-1	0	1079	1349	3
451	16	1	67	111	-1	0	1000	1250	3
452	16	1	111	67	0	0	1189	892	3
453	16	2	19	39	-1	0	1010	1262	3
454	16	2	39	19	0	0	1030	772	3
455	16	3	22	46	-1	0	1040	1300	3
456	16	3	46	22	0	0	950	712	3
457	16	4	21	60	0	0	1144	858	3
458	16	4	60	21	-1	0	908	1135	3
459	16	5	0	0	0	0	1021	766	3
460	16	5	0	0	-1	0	1021	1276	3
461	16	6	67	72	-1	0	1077	1346	3
462	16	6	72	67	0	0	1189	892	3
463	16	7	19	46	0	0	1040	780	3
464	16	7	46	19	-1	0	1030	1288	3
465	16	8	22	72	0	0	1077	808	3
466	16	8	72	22	-1	0	950	1188	3
467	16	9	21	39	0	0	1010	758	3
468	16	9	39	21	-1	0	908	1135	3
469	16	10	0	0	0	0	1021	766	3
470	16	10	0	0	-1	0	1021	1276	3
471	16	11	22	60	-1	0	1144	1430	3
472	16	11	60	22	0	0	950	712	3
473	16	12	19	72	0	0	1077	808	3
474	16	12	72	19	-1	0	1030	1288	3
475	16	13	67	46	-1	0	1040	1300	3
476	16	13	46	67	0	0	1189	892	3
477	16	14	21	111	-1	0	1000	1250	3
478	16	14	111	21	0	0	908	681	3
479	16	15	0	0	0	0	1021	766	3
480	16	15	0	0	-1	0	1021	1276	3
481	17	1	78	49	-1	0	1048	1310	3
482	17	1	49	78	0	0	918	688	3
483	17	2	86	42	-1	0	953	1191	3
484	17	2	42	86	0	0	1187	890	3
485	17	3	87	51	0	0	1038	778	3
486	17	3	51	87	-1	0	743	929	3
487	17	4	85	41	0	0	1285	964	3
488	17	4	41	85	-1	0	1076	1345	3
489	17	5	81	40	-1	0	1038	1298	3
490	17	5	40	81	0	0	1090	818	3
491	17	6	77	49	0	0	1048	786	3
492	17	6	49	77	-1	0	809	1011	3
493	17	7	78	42	-1	0	953	1191	3
494	17	7	42	78	0	0	918	688	3
495	17	8	86	51	0	0	1038	778	3
496	17	8	51	86	-1	0	1187	1484	3
497	17	9	87	41	-1	0	1285	1606	3
498	17	9	41	87	0	0	743	557	3
499	17	10	85	40	-1	0	1038	1298	3
500	17	10	40	85	0	0	1076	807	3
501	17	11	78	41	0	0	1285	964	3
502	17	11	41	78	-1	0	918	1148	3
503	17	12	86	49	0	0	1048	786	3
504	17	12	49	86	-1	0	1187	1484	3
505	17	13	77	42	0	0	953	715	3
506	17	13	42	77	-1	0	809	1011	3
507	17	14	81	51	0	0	1038	778	3
508	17	14	51	81	-1	0	1090	1362	3
509	17	15	87	40	-1	0	1038	1298	3
510	17	15	40	87	0	0	743	557	3
511	18	1	7	113	-1	0	1000	1250	3
512	18	1	113	7	0	0	1126	844	3
513	18	2	6	102	-1	0	900	1125	3
514	18	2	102	6	0	0	1114	836	3
515	18	3	9	112	-1	0	1000	1250	3
516	18	3	112	9	0	0	1039	779	3
517	18	4	8	10	0	0	924	693	3
518	18	4	10	8	-1	0	1000	1250	3
519	18	5	61	113	-1	0	1000	1250	3
520	18	5	113	61	0	0	1134	850	3
521	18	6	6	10	-1	0	924	1155	3
522	18	6	10	6	0	0	1114	836	3
523	18	7	7	112	-1	0	1000	1250	3
524	18	7	112	7	0	0	1126	844	3
525	18	8	9	102	-1	0	900	1125	3
526	18	8	102	9	0	0	1039	779	3
527	18	9	8	113	-1	0	1000	1250	3
528	18	9	113	8	0	0	1000	750	3
529	18	10	61	112	-1	0	1000	1250	3
530	18	10	112	61	0	0	1134	850	3
531	18	11	9	10	-1	0	924	1155	3
532	18	11	10	9	0	0	1039	779	3
533	18	12	61	102	-1	0	900	1125	3
534	18	12	102	61	0	0	1134	850	3
535	18	13	0	0	-1	0	1021	1276	3
536	18	13	0	0	0	0	1021	766	3
537	18	14	0	0	-1	0	1021	1276	3
538	18	14	0	0	0	0	1021	766	3
539	18	15	0	0	-1	0	1021	1276	3
540	18	15	0	0	0	0	1021	766	3
541	19	1	49	88	-1	0	1240	1550	4
542	19	1	88	49	0	0	1094	820	4
543	19	2	42	38	-1	0	1047	1309	4
544	19	2	38	42	0	0	1036	777	4
545	19	3	51	83	-1	0	930	1162	4
546	19	3	83	51	0	0	1250	938	4
547	19	4	40	37	-1	0	1298	1622	4
548	19	4	37	40	0	0	986	740	4
549	19	5	41	48	-1	0	771	964	4
550	19	5	48	41	0	0	1125	844	4
551	19	6	51	54	-1	0	1266	1582	4
552	19	6	54	51	0	0	1250	938	4
553	19	7	49	62	-1	0	994	1242	4
554	19	7	62	49	0	0	1094	820	4
555	19	8	42	88	0	0	1240	930	4
556	19	8	88	42	-1	0	1036	1295	4
557	19	9	40	48	-1	0	771	964	4
558	19	9	48	40	0	0	986	740	4
559	19	10	41	83	0	0	930	698	4
560	19	10	83	41	-1	0	1125	1406	4
561	19	11	51	37	0	0	1298	974	4
562	19	11	37	51	-1	0	1250	1562	4
563	19	12	49	54	0	0	1266	950	4
564	19	12	54	49	-1	0	1094	1368	4
565	19	13	41	88	0	0	1240	930	4
566	19	13	88	41	-1	0	1125	1406	4
567	19	14	42	37	-1	0	1298	1622	4
568	19	14	37	42	0	0	1036	777	4
569	19	15	40	83	0	0	930	698	4
570	19	15	83	40	-1	0	986	1232	4
571	20	1	89	93	-1	0	1267	1584	4
572	20	1	93	89	0	0	1064	798	4
573	20	2	65	95	-1	0	889	1111	4
574	20	2	95	65	0	0	1184	888	4
575	20	3	23	96	0	0	991	743	4
576	20	3	96	23	-1	0	1034	1292	4
577	20	4	110	97	0	0	1094	820	4
578	20	4	97	110	-1	-1	1048	1415	4
579	20	5	26	53	-1	0	987	1234	4
580	20	5	53	26	0	0	1127	845	4
581	20	6	34	98	0	0	1068	801	4
582	20	6	98	34	-1	0	826	1032	4
583	20	7	89	97	-1	0	1094	1368	4
584	20	7	97	89	0	0	1064	798	4
585	20	8	65	93	0	0	1267	950	4
586	20	8	93	65	-1	0	1184	1480	4
587	20	9	23	95	-1	0	889	1111	4
588	20	9	95	23	0	0	1034	776	4
589	20	10	110	96	0	0	991	743	4
590	20	10	96	110	-1	0	1048	1310	4
591	20	11	26	93	0	0	1267	950	4
592	20	11	93	26	-1	0	1127	1409	4
593	20	12	34	97	0	0	1094	820	4
594	20	12	97	34	-1	0	826	1032	4
595	20	13	89	53	-1	0	987	1234	4
596	20	13	53	89	0	0	1064	798	4
597	20	14	65	98	-1	0	1068	1335	4
598	20	14	98	65	0	0	1184	888	4
599	20	15	26	96	0	0	991	743	4
600	20	15	96	26	-1	0	1127	1409	4
601	21	1	10	29	0	0	1115	836	4
602	21	1	29	10	-1	0	933	1166	4
603	21	2	113	11	0	0	1113	835	4
604	21	2	11	113	-1	0	829	1036	4
605	21	3	103	13	0	0	978	734	4
606	21	3	13	103	-1	0	825	1031	4
607	21	4	114	31	0	0	984	738	4
608	21	4	31	114	-1	0	1000	1250	4
609	21	5	10	30	-1	0	973	1216	4
610	21	5	30	10	0	0	933	700	4
611	21	6	107	29	0	0	1115	836	4
612	21	6	29	107	-1	0	853	1066	4
613	21	7	113	12	0	0	989	742	4
614	21	7	12	113	-1	0	829	1036	4
615	21	8	114	11	0	0	1113	835	4
616	21	8	11	114	-1	0	1000	1250	4
617	21	9	103	31	0	0	984	738	4
618	21	9	31	103	-1	0	825	1031	4
619	21	10	107	13	0	0	978	734	4
620	21	10	13	107	-1	0	853	1066	4
621	21	11	10	31	0	0	984	738	4
622	21	11	31	10	-1	0	933	1166	4
623	21	12	114	12	0	0	989	742	4
624	21	12	12	114	-1	0	1000	1250	4
625	21	13	113	30	-1	0	973	1216	4
626	21	13	30	113	0	0	829	622	4
627	21	14	107	11	0	0	1113	835	4
628	21	14	11	107	-1	0	853	1066	4
629	21	15	103	12	0	0	989	742	4
630	21	15	12	103	-1	0	825	1031	4
631	22	1	39	9	-1	0	1024	1280	4
632	22	1	9	39	0	0	975	731	4
633	22	2	46	8	-1	0	992	1240	4
634	22	2	8	46	0	0	997	748	4
635	22	3	73	6	0	0	1079	809	4
636	22	3	6	73	-1	0	985	1231	4
637	22	4	72	7	0	0	1076	807	4
638	22	4	7	72	-1	0	1081	1351	4
639	22	5	46	61	0	0	1165	874	4
640	22	5	61	46	-1	0	997	1246	4
641	22	6	46	9	-1	0	1024	1280	4
642	22	6	9	46	0	0	997	748	4
643	22	7	72	6	-1	0	1079	1349	4
644	22	7	6	72	0	0	1081	811	4
645	22	8	68	8	0	0	992	744	4
646	22	8	8	68	-1	0	1080	1350	4
647	22	9	39	61	0	0	1165	874	4
648	22	9	61	39	-1	0	975	1219	4
649	22	10	68	7	0	0	1076	807	4
650	22	10	7	68	-1	0	1080	1350	4
651	22	11	73	7	-1	0	1076	1345	4
652	22	11	7	73	0	0	985	739	4
653	22	12	72	8	-1	0	992	1240	4
654	22	12	8	72	0	0	1081	811	4
655	22	13	68	9	-1	0	1024	1280	4
656	22	13	9	68	0	0	1080	810	4
657	22	14	73	61	-1	0	1165	1456	4
658	22	14	61	73	0	0	985	739	4
659	22	15	39	6	-1	0	1079	1349	4
660	22	15	6	39	0	0	975	731	4
661	23	1	2	67	0	0	1275	956	4
662	23	1	67	2	-1	0	926	1158	4
663	23	2	63	22	-1	0	1096	1370	4
664	23	2	22	63	0	0	1109	832	4
665	23	3	1	19	0	0	991	743	4
666	23	3	19	1	-1	0	1084	1355	4
667	23	4	4	20	0	0	1148	861	4
668	23	4	20	4	-1	0	941	1176	4
669	23	5	3	21	-1	0	974	1218	4
670	23	5	21	3	0	0	781	586	4
671	23	6	2	115	-1	0	1000	1250	4
672	23	6	115	2	0	0	926	694	4
673	23	7	63	67	0	0	1275	956	4
674	23	7	67	63	-1	0	1109	1386	4
675	23	8	1	22	0	0	1096	822	4
676	23	8	22	1	-1	0	1084	1355	4
677	23	9	4	19	-1	0	991	1239	4
678	23	9	19	4	0	0	941	706	4
679	23	10	63	20	0	0	1148	861	4
680	23	10	20	63	-1	0	1109	1386	4
681	23	11	3	22	0	0	1096	822	4
682	23	11	22	3	-1	0	781	976	4
683	23	12	2	21	-1	0	974	1218	4
684	23	12	21	2	0	0	926	694	4
685	23	13	4	67	0	0	1275	956	4
686	23	13	67	4	-1	0	941	1176	4
687	23	14	3	19	-1	0	991	1239	4
688	23	14	19	3	0	0	781	586	4
689	23	15	1	20	-1	0	1148	1435	4
690	23	15	20	1	0	0	1084	813	4
691	24	1	16	78	0	0	1038	778	4
692	24	1	78	16	-1	0	1099	1374	4
693	24	2	16	87	0	0	979	734	4
694	24	2	87	16	-1	0	1099	1374	4
695	24	3	16	81	0	0	1023	767	4
696	24	3	81	16	-1	0	1099	1374	4
697	24	4	14	85	-1	0	1041	1301	4
698	24	4	85	14	0	0	886	664	4
699	24	5	15	80	0	0	1007	755	4
700	24	5	80	15	-1	0	1140	1425	4
701	24	6	116	78	-1	0	1038	1298	4
702	24	6	78	116	0	0	1000	750	4
703	24	7	17	87	0	0	979	734	4
704	24	7	87	17	-1	0	921	1151	4
705	24	8	14	81	0	0	1023	767	4
706	24	8	81	14	-1	0	886	1108	4
707	24	9	15	85	-1	0	1041	1301	4
708	24	9	85	15	0	0	1140	855	4
709	24	10	116	80	-1	0	1007	1259	4
710	24	10	80	116	0	0	1000	750	4
711	24	11	17	85	-1	0	1041	1301	4
712	24	11	85	17	0	0	921	691	4
713	24	12	14	78	0	0	1038	778	4
714	24	12	78	14	-1	0	886	1108	4
715	24	13	116	87	0	0	979	734	4
716	24	13	87	116	-1	0	1000	1250	4
717	24	14	17	80	0	0	1007	755	4
718	24	14	80	17	-1	0	921	1151	4
719	24	15	15	81	0	0	1023	767	4
720	24	15	81	15	-1	0	1140	1425	4
721	25	1	81	89	-1	0	1125	1406	5
722	25	1	89	81	0	0	1139	854	5
723	25	2	86	65	-1	0	1130	1412	5
724	25	2	65	86	0	0	1112	834	5
725	25	3	85	66	0	0	987	740	5
726	25	3	66	85	-1	0	946	1182	5
727	25	4	90	24	-1	0	774	968	5
728	25	4	24	90	0	0	852	639	5
729	25	5	87	23	-1	0	972	1215	5
730	25	5	23	87	0	0	1062	796	5
731	25	6	78	89	-1	0	1125	1406	5
732	25	6	89	78	0	0	1056	792	5
733	25	7	77	65	0	0	1130	848	5
734	25	7	65	77	-1	0	818	1022	5
735	25	8	85	23	-1	0	972	1215	5
736	25	8	23	85	0	0	946	710	5
737	25	9	90	66	-1	0	987	1234	5
738	25	9	66	90	0	0	852	639	5
739	25	10	86	24	-1	0	774	968	5
740	25	10	24	86	0	0	1112	834	5
741	25	11	87	65	-1	0	1130	1412	5
742	25	11	65	87	0	0	1062	796	5
743	25	12	81	24	-1	0	774	968	5
744	25	12	24	81	0	0	1139	854	5
745	25	13	78	66	-1	0	987	1234	5
746	25	13	66	78	0	0	1056	792	5
747	25	14	86	23	-1	0	972	1215	5
748	25	14	23	86	0	0	1112	834	5
749	25	15	87	89	-1	0	1125	1406	5
750	25	15	89	87	0	0	1062	796	5
751	26	1	93	10	-1	0	937	1171	5
752	26	1	10	93	0	0	1280	960	5
753	26	2	75	102	-1	0	864	1080	5
754	26	2	102	75	0	0	1086	814	5
755	26	3	96	113	-1	0	889	1111	5
756	26	3	113	96	0	0	1200	900	5
757	26	4	97	103	-1	0	809	1011	5
758	26	4	103	97	0	0	1082	812	5
759	26	5	95	102	-1	0	864	1080	5
760	26	5	102	95	0	0	917	688	5
761	26	6	53	10	-1	0	937	1171	5
762	26	6	10	53	0	0	1001	751	5
763	26	7	93	113	-1	0	889	1111	5
764	26	7	113	93	0	0	1280	960	5
765	26	8	75	103	-1	0	809	1011	5
766	26	8	103	75	0	0	1086	814	5
767	26	9	96	102	-1	0	864	1080	5
768	26	9	102	96	0	0	1200	900	5
769	26	10	97	107	-1	0	811	1014	5
770	26	10	107	97	0	0	1082	812	5
771	26	11	109	107	-1	0	811	1014	5
772	26	11	107	109	0	0	1071	803	5
773	26	12	95	103	-1	0	809	1011	5
774	26	12	103	95	0	0	917	688	5
775	26	13	53	113	-1	0	889	1111	5
776	26	13	113	53	0	0	1001	751	5
777	26	14	109	10	0	0	937	703	5
778	26	14	10	109	-1	0	1071	1339	5
779	26	15	75	107	-1	0	811	1014	5
780	26	15	107	75	0	0	1086	814	5
781	27	1	88	116	0	0	1114	836	5
782	27	1	116	88	-1	0	1237	1546	5
783	27	2	38	15	0	0	1092	819	5
784	27	2	15	38	-1	0	1052	1315	5
785	27	3	48	14	-1	0	893	1116	5
786	27	3	14	48	0	0	811	608	5
787	27	4	35	18	-1	0	795	994	5
788	27	4	18	35	0	0	1214	910	5
789	27	5	83	16	-1	0	930	1162	5
790	27	5	16	83	0	0	1070	802	5
791	27	6	88	27	-1	0	1066	1332	5
792	27	6	27	88	0	0	1237	928	5
793	27	7	38	116	0	0	1114	836	5
794	27	7	116	38	-1	0	1052	1315	5
795	27	8	48	16	-1	0	930	1162	5
796	27	8	16	48	0	0	811	608	5
797	27	9	35	14	0	0	893	670	5
798	27	9	14	35	-1	0	1214	1518	5
799	27	10	83	116	0	0	1114	836	5
800	27	10	116	83	-1	0	1070	1338	5
801	27	11	88	16	-1	0	930	1162	5
802	27	11	16	88	0	0	1237	928	5
803	27	12	38	18	-1	0	795	994	5
804	27	12	18	38	0	0	1052	789	5
805	27	13	48	15	-1	0	1092	1365	5
806	27	13	15	48	0	0	811	608	5
807	27	14	35	27	0	0	1066	800	5
808	27	14	27	35	-1	0	1214	1518	5
809	27	15	83	27	-1	0	1066	1332	5
810	27	15	27	83	0	0	1070	802	5
811	28	1	67	6	0	0	1084	813	5
812	28	1	6	67	-1	0	1224	1530	5
813	28	2	19	28	-1	0	1179	1474	5
814	28	2	28	19	0	0	940	705	5
815	28	3	22	7	-1	0	1099	1374	5
816	28	3	7	22	0	0	1073	805	5
817	28	4	20	61	-1	0	1153	1441	5
818	28	4	61	20	0	0	1117	838	5
819	28	5	106	8	0	0	949	712	5
820	28	5	8	106	-1	0	723	904	5
821	28	6	67	28	-1	0	1179	1474	5
822	28	6	28	67	0	0	1224	918	5
823	28	7	19	7	0	0	1099	824	5
824	28	7	7	19	-1	0	940	1175	5
825	28	8	22	6	0	0	1084	813	5
826	28	8	6	22	-1	0	1073	1341	5
827	28	9	20	8	-1	0	949	1186	5
828	28	9	8	20	0	0	1117	838	5
829	28	10	106	61	-1	0	1153	1441	5
830	28	10	61	106	0	0	723	542	5
831	28	11	67	7	-1	0	1099	1374	5
832	28	11	7	67	0	0	1224	918	5
833	28	12	19	8	0	0	949	712	5
834	28	12	8	19	-1	0	940	1175	5
835	28	13	22	61	-1	0	1153	1441	5
836	28	13	61	22	0	0	1073	805	5
837	28	14	20	28	-1	0	1179	1474	5
838	28	14	28	20	0	0	1117	838	5
839	28	15	106	6	0	0	1084	813	5
840	28	15	6	106	-1	0	723	904	5
841	29	1	13	39	0	0	1054	790	5
842	29	1	39	13	-1	0	1058	1322	5
843	29	2	11	46	-1	0	1071	1339	5
844	29	2	46	11	0	0	1205	904	5
845	29	3	31	72	0	0	1137	853	5
846	29	3	72	31	-1	0	1115	1394	5
847	29	4	12	73	0	0	1139	854	5
848	29	4	73	12	-1	0	1079	1349	5
849	29	5	30	68	-1	0	1032	1290	5
850	29	5	68	30	0	0	909	682	5
851	29	6	13	46	-1	0	1071	1339	5
852	29	6	46	13	0	0	1058	794	5
853	29	7	11	39	0	0	1054	790	5
854	29	7	39	11	-1	0	1205	1506	5
855	29	8	31	46	0	0	1071	803	5
856	29	8	46	31	-1	0	1115	1394	5
857	29	9	12	72	0	0	1137	853	5
858	29	9	72	12	-1	0	1079	1349	5
859	29	10	30	73	-1	0	1139	1424	5
860	29	10	73	30	0	0	909	682	5
861	29	11	13	68	0	0	1032	774	5
862	29	11	68	13	-1	0	1058	1322	5
863	29	12	11	72	-1	0	1137	1421	5
864	29	12	72	11	0	0	1205	904	5
865	29	13	12	68	0	0	1032	774	5
866	29	13	68	12	-1	0	1079	1349	5
867	29	14	30	39	0	0	1054	790	5
868	29	14	39	30	-1	0	909	1136	5
869	29	15	31	73	0	0	1139	854	5
870	29	15	73	31	-1	0	1115	1394	5
871	30	1	2	47	-1	0	1237	1546	5
872	30	1	47	2	0	0	977	733	5
873	30	2	63	59	0	0	1113	835	5
874	30	2	59	63	-1	0	1068	1335	5
875	30	3	1	43	0	0	973	730	5
876	30	3	43	1	-1	0	1046	1308	5
877	30	4	55	99	0	0	1191	893	5
878	30	4	99	55	-1	0	1000	1250	5
879	30	5	4	45	0	0	1060	795	5
880	30	5	45	4	-1	0	974	1218	5
881	30	6	2	59	0	0	1113	835	5
882	30	6	59	2	-1	0	977	1221	5
883	30	7	63	117	0	0	1000	750	5
884	30	7	117	63	-1	0	1068	1335	5
885	30	8	1	47	0	0	1237	928	5
886	30	8	47	1	-1	0	1046	1308	5
887	30	9	55	43	0	0	973	730	5
888	30	9	43	55	-1	0	1000	1250	5
889	30	10	63	99	-1	0	1191	1489	5
890	30	10	99	63	0	0	1068	801	5
891	30	11	4	117	0	0	1000	750	5
892	30	11	117	4	-1	0	974	1218	5
893	30	12	2	45	0	0	1060	795	5
894	30	12	45	2	-1	0	977	1221	5
895	30	13	4	43	0	0	973	730	5
896	30	13	43	4	-1	0	974	1218	5
897	30	14	55	117	0	0	1000	750	5
898	30	14	117	55	-1	0	1000	1250	5
899	30	15	1	59	0	0	1113	835	5
900	30	15	59	1	-1	0	1046	1308	5
901	31	1	10	81	-1	0	1138	1422	6
902	31	1	81	10	0	0	961	721	6
903	31	2	103	78	0	0	1113	835	6
904	31	2	78	103	-1	0	822	1028	6
905	31	3	113	87	0	0	1144	858	6
906	31	3	87	113	-1	0	892	1115	6
907	31	4	118	85	-1	0	962	1202	6
908	31	4	85	118	0	0	1000	750	6
909	31	5	10	80	0	0	1118	838	6
910	31	5	80	10	-1	0	961	1201	6
911	31	6	113	77	0	0	872	654	6
912	31	6	77	113	-1	0	892	1115	6
913	31	7	107	87	0	0	1144	858	6
914	31	7	87	107	-1	0	846	1058	6
915	31	8	119	85	0	0	962	722	6
916	31	8	85	119	-1	0	1000	1250	6
917	31	9	119	85	0	0	962	722	6
918	31	9	85	119	-1	0	1000	1250	6
919	31	10	10	78	-1	0	1113	1391	6
920	31	10	78	10	0	0	961	721	6
921	31	11	113	81	0	0	1138	854	6
922	31	11	81	113	-1	0	892	1115	6
923	31	12	103	87	-1	0	1144	1430	6
924	31	12	87	103	0	0	822	616	6
925	31	13	107	80	-1	0	1118	1398	6
926	31	13	80	107	0	0	846	634	6
927	31	14	103	77	0	0	872	654	6
928	31	14	77	103	-1	0	822	1028	6
929	31	15	107	78	0	0	1113	835	6
930	31	15	78	107	-1	0	846	1058	6
931	32	1	23	38	0	0	1006	754	6
932	32	1	38	23	-1	0	987	1234	6
933	32	2	66	83	0	0	1086	814	6
934	32	2	83	66	-1	0	989	1236	6
935	32	3	89	35	0	0	1046	784	6
936	32	3	35	89	-1	0	1089	1361	6
937	32	4	23	37	-1	0	1191	1489	6
938	32	4	37	23	0	0	987	740	6
939	32	5	66	54	0	0	1227	920	6
940	32	5	54	66	-1	0	989	1236	6
941	32	6	120	88	0	0	1197	898	6
942	32	6	88	120	-1	0	1000	1250	6
943	32	7	23	83	0	0	1086	814	6
944	32	7	83	23	-1	0	987	1234	6
945	32	8	66	38	-1	0	1006	1258	6
946	32	8	38	66	0	0	989	742	6
947	32	9	65	35	-1	0	1046	1308	6
948	32	9	35	65	0	0	1122	842	6
949	32	10	89	37	0	0	1191	893	6
950	32	10	37	89	-1	0	1089	1361	6
951	32	11	120	54	0	0	1227	920	6
952	32	11	54	120	-1	0	1000	1250	6
953	32	12	65	88	0	0	1197	898	6
954	32	12	88	65	-1	0	1122	1402	6
955	32	13	89	83	0	0	1086	814	6
956	32	13	83	89	-1	0	1089	1361	6
957	32	14	120	37	0	0	1191	893	6
958	32	14	37	120	-1	0	1000	1250	6
959	32	15	65	54	-1	0	1227	1534	6
960	32	15	54	65	0	0	1122	842	6
961	33	12	61	30	0	0	990	742	6
962	33	12	30	61	-1	0	1070	1338	6
963	33	13	6	13	-1	0	1001	1251	6
964	33	13	13	6	0	0	1140	855	6
965	33	14	8	12	0	0	954	716	6
966	33	14	12	8	-1	0	980	1225	6
967	33	15	61	31	-1	0	1005	1256	6
968	33	15	31	61	0	0	1070	802	6
969	33	1	9	13	0	0	1001	751	6
970	33	1	13	9	-1	0	987	1234	6
971	33	2	6	11	-1	0	1179	1474	6
972	33	2	11	6	0	0	1140	855	6
973	33	3	8	30	-1	0	990	1238	6
974	33	3	30	8	0	0	980	735	6
975	33	4	9	12	-1	0	954	1192	6
976	33	4	12	9	0	0	987	740	6
977	33	5	7	31	-1	0	1005	1256	6
978	33	5	31	7	0	0	1074	806	6
979	33	6	9	11	0	0	1179	884	6
980	33	6	11	9	-1	0	987	1234	6
981	33	7	61	13	0	0	1001	751	6
982	33	7	13	61	-1	0	1070	1338	6
983	33	8	6	30	0	0	990	742	6
984	33	8	30	6	-1	0	1140	1425	6
985	33	9	7	12	-1	0	954	1192	6
986	33	9	12	7	0	0	1074	806	6
987	33	10	8	31	0	0	1005	754	6
988	33	10	31	8	-1	0	980	1225	6
989	33	11	7	11	0	0	1179	884	6
990	33	11	11	7	-1	0	1074	1342	6
991	34	1	49	2	-1	0	960	1200	6
992	34	1	2	49	0	0	1131	848	6
993	34	2	41	63	-1	0	1086	1358	6
994	34	2	63	41	0	0	1090	818	6
995	34	3	51	1	0	0	971	728	6
996	34	3	1	51	-1	0	1274	1592	6
997	34	4	42	3	-1	0	885	1106	6
998	34	4	3	42	0	0	1088	816	6
999	34	5	49	63	0	0	1086	814	6
1000	34	5	63	49	-1	0	1131	1414	6
1001	34	6	40	4	-1	0	929	1161	6
1002	34	6	4	40	0	0	1031	773	6
1003	34	7	41	2	-1	0	960	1200	6
1004	34	7	2	41	0	0	1090	818	6
1005	34	8	51	63	-1	0	1086	1358	6
1006	34	8	63	51	0	0	1274	956	6
1007	34	9	42	4	-1	0	929	1161	6
1008	34	9	4	42	0	0	1088	816	6
1009	34	10	40	3	-1	0	885	1106	6
1010	34	10	3	40	0	0	1031	773	6
1011	34	11	49	1	0	0	971	728	6
1012	34	11	1	49	-1	0	1131	1414	6
1013	34	12	41	4	-1	0	929	1161	6
1014	34	12	4	41	0	0	1090	818	6
1015	34	13	51	3	-1	0	885	1106	6
1016	34	13	3	51	0	0	1274	956	6
1017	34	14	42	2	-1	0	960	1200	6
1018	34	14	2	42	0	0	1088	816	6
1019	34	15	40	1	-1	0	971	1214	6
1020	34	15	1	40	0	0	1031	773	6
1021	35	1	46	93	0	0	1252	939	6
1022	35	1	93	46	-1	0	1043	1304	6
1023	35	2	72	53	0	0	1027	770	6
1024	35	2	53	72	-1	0	1137	1421	6
1025	35	3	60	108	-1	0	1040	1300	6
1026	35	3	108	60	0	0	1141	856	6
1027	35	4	46	97	-1	0	1072	1340	6
1028	35	4	97	46	0	0	1043	782	6
1029	35	5	73	95	-1	0	944	1180	6
1030	35	5	95	73	0	0	1147	860	6
1031	35	6	72	93	-1	0	1252	1565	6
1032	35	6	93	72	0	0	1137	853	6
1033	35	7	39	53	-1	-1	1027	1386	6
1034	35	7	53	39	0	0	1107	830	6
1035	35	8	111	97	0	0	1072	804	6
1036	35	8	97	111	-1	0	779	974	6
1037	35	9	60	95	0	0	944	708	6
1038	35	9	95	60	-1	0	1141	1426	6
1039	35	10	68	95	-1	0	944	1180	6
1040	35	10	95	68	0	0	1062	796	6
1041	35	11	72	97	-1	0	1072	1340	6
1042	35	11	97	72	0	0	1137	853	6
1043	35	12	73	108	-1	0	1040	1300	6
1044	35	12	108	73	0	0	1147	860	6
1045	35	13	39	93	-1	0	1252	1565	6
1046	35	13	93	39	0	0	1107	830	6
1047	35	14	60	53	0	0	1027	770	6
1048	35	14	53	60	-1	0	1141	1426	6
1049	35	15	39	108	-1	0	1040	1300	6
1050	35	15	108	39	0	0	1107	830	6
1051	36	1	47	67	0	0	1259	944	6
1052	36	1	67	47	-1	0	1199	1499	6
1053	36	2	99	19	-1	0	986	1232	6
1054	36	2	19	99	0	0	1191	893	6
1055	36	3	59	22	0	0	1153	865	6
1056	36	3	22	59	-1	0	1195	1494	6
1057	36	4	43	20	-1	0	1208	1510	6
1058	36	4	20	43	0	0	1081	811	6
1059	36	5	45	21	-1	0	872	1090	6
1060	36	5	21	45	0	0	1144	858	6
1061	36	6	47	19	-1	0	986	1232	6
1062	36	6	19	47	0	0	1199	899	6
1063	36	7	99	22	-1	0	1153	1441	6
1064	36	7	22	99	0	0	1191	893	6
1065	36	8	59	67	0	0	1259	944	6
1066	36	8	67	59	-1	0	1195	1494	6
1067	36	9	43	21	-1	0	872	1090	6
1068	36	9	21	43	0	0	1081	811	6
1069	36	10	45	20	-1	-1	1208	1631	6
1070	36	10	20	45	0	0	1144	858	6
1071	36	11	47	22	0	0	1153	865	6
1072	36	11	22	47	-1	0	1199	1499	6
1073	36	12	99	20	-1	0	1208	1510	6
1074	36	12	20	99	0	0	1191	893	6
1075	36	13	59	21	-1	0	872	1090	6
1076	36	13	21	59	0	0	1195	896	6
1077	36	14	43	19	0	0	986	740	6
1078	36	14	19	43	-1	0	1081	1351	6
1079	36	15	45	67	0	0	1259	944	6
1080	36	15	67	45	-1	0	1144	1430	6
1081	37	1	88	10	-1	0	1017	1271	7
1082	37	1	10	88	0	0	1256	942	7
1083	37	2	38	102	-1	0	863	1079	7
1084	37	2	102	38	0	0	1041	781	7
1085	37	3	48	113	-1	0	859	1074	7
1086	37	3	113	48	0	0	964	723	7
1087	37	4	37	103	-1	0	849	1061	7
1088	37	4	103	37	0	0	1195	896	7
1089	37	5	54	10	-1	0	1017	1271	7
1090	37	5	10	54	0	0	1174	880	7
1091	37	6	88	102	-1	0	863	1079	7
1092	37	6	102	88	0	0	1256	942	7
1093	37	7	38	113	-1	0	859	1074	7
1094	37	7	113	38	0	0	1041	781	7
1095	37	8	48	102	-1	0	863	1079	7
1096	37	8	102	48	0	0	964	723	7
1097	37	9	37	107	-1	0	883	1104	7
1098	37	9	107	37	0	0	1195	896	7
1099	37	10	54	107	-1	0	883	1104	7
1100	37	10	107	54	0	0	1174	880	7
1101	37	11	88	113	-1	0	859	1074	7
1102	37	11	113	88	0	0	1256	942	7
1103	37	12	38	103	-1	0	849	1061	7
1104	37	12	103	38	0	0	1041	781	7
1105	37	13	48	107	-1	0	883	1104	7
1106	37	13	107	48	0	0	964	723	7
1107	37	14	37	10	-1	0	1017	1271	7
1108	37	14	10	37	0	0	1195	896	7
1109	37	15	54	103	-1	0	849	1061	7
1110	37	15	103	54	0	0	1174	880	7
1111	38	1	75	8	0	0	1000	750	7
1112	38	1	8	75	-1	0	1095	1369	7
1113	38	2	93	7	-1	0	1097	1371	7
1114	38	2	7	93	0	0	1232	924	7
1115	38	3	97	28	-1	0	1043	1304	7
1116	38	3	28	97	0	0	1058	794	7
1117	38	4	53	61	-1	0	1067	1334	7
1118	38	4	61	53	0	0	1102	826	7
1119	38	5	98	6	-1	0	1180	1475	7
1120	38	5	6	98	0	0	1036	777	7
1121	38	6	96	8	0	0	1000	750	7
1122	38	6	8	96	-1	0	1155	1444	7
1123	38	7	75	28	0	0	1043	782	7
1124	38	7	28	75	-1	0	1095	1369	7
1125	38	8	97	7	0	0	1097	823	7
1126	38	8	7	97	-1	0	1058	1322	7
1127	38	9	93	6	-1	0	1180	1475	7
1128	38	9	6	93	0	0	1232	924	7
1129	38	10	53	7	-1	0	1097	1371	7
1130	38	10	7	53	0	0	1102	826	7
1131	38	11	98	61	0	0	1067	800	7
1132	38	11	61	98	-1	0	1036	1295	7
1133	38	12	97	8	-1	0	1000	1250	7
1134	38	12	8	97	0	0	1058	794	7
1135	38	13	93	61	-1	0	1067	1334	7
1136	38	13	61	93	0	0	1232	924	7
1137	38	14	75	6	-1	0	1180	1475	7
1138	38	14	6	75	0	0	1095	821	7
1139	38	15	53	28	0	0	1043	782	7
1140	38	15	28	53	-1	0	1102	1378	7
1141	39	1	2	116	-1	0	1318	1648	7
1142	39	1	116	2	0	0	958	718	7
1143	39	2	63	27	-1	0	1055	1319	7
1144	39	2	27	63	0	0	1124	843	7
1145	39	3	1	32	-1	0	1074	1342	7
1146	39	3	32	1	0	0	1096	822	7
1147	39	4	3	16	0	0	929	697	7
1148	39	4	16	3	-1	0	928	1160	7
1149	39	5	4	14	-1	0	931	1164	7
1150	39	5	14	4	0	0	942	706	7
1151	39	6	2	17	-1	0	920	1150	7
1152	39	6	17	2	0	0	958	718	7
1153	39	7	63	116	0	0	1318	988	7
1154	39	7	116	63	-1	0	1124	1405	7
1155	39	8	4	116	-1	0	1318	1648	7
1156	39	8	116	4	0	0	942	706	7
1157	39	9	1	16	0	0	929	697	7
1158	39	9	16	1	-1	0	1096	1370	7
1159	39	10	63	32	-1	0	1074	1342	7
1160	39	10	32	63	0	0	1124	843	7
1161	39	11	3	14	-1	0	931	1164	7
1162	39	11	14	3	0	0	928	696	7
1163	39	12	2	27	-1	0	1055	1319	7
1164	39	12	27	2	0	0	958	718	7
1165	39	13	4	17	0	0	920	690	7
1166	39	13	17	4	-1	0	942	1178	7
1167	39	14	3	27	-1	0	1055	1319	7
1168	39	14	27	3	0	0	928	696	7
1169	39	15	1	14	-1	0	931	1164	7
1170	39	15	14	1	0	0	1096	822	7
1171	40	1	85	46	0	0	1055	791	7
1172	40	1	46	85	-1	0	1011	1264	7
1173	40	2	121	73	0	0	1143	857	7
1174	40	2	73	121	-1	0	1000	1250	7
1175	40	3	90	72	0	0	1161	871	7
1176	40	3	72	90	-1	0	1044	1305	7
1177	40	4	87	39	0	0	1190	892	7
1178	40	4	39	87	-1	0	1131	1414	7
1179	40	5	80	60	0	0	1096	822	7
1180	40	5	60	80	-1	0	1103	1379	7
1181	40	6	86	46	0	0	1055	791	7
1182	40	6	46	86	-1	0	1186	1482	7
1183	40	7	77	46	0	0	1055	791	7
1184	40	7	46	77	-1	0	927	1159	7
1185	40	8	121	72	-1	0	1161	1451	7
1186	40	8	72	121	0	0	1000	750	7
1187	40	9	86	73	0	0	1143	857	7
1188	40	9	73	86	-1	0	1186	1482	7
1189	40	10	85	60	-1	0	1096	1370	7
1190	40	10	60	85	0	0	1011	758	7
1191	40	11	90	39	0	0	1190	892	7
1192	40	11	39	90	-1	0	1044	1305	7
1193	40	12	87	72	-1	0	1161	1451	7
1194	40	12	72	87	0	0	1131	848	7
1195	40	13	80	39	0	0	1190	892	7
1196	40	13	39	80	-1	0	1103	1379	7
1197	40	14	77	73	-1	0	1143	1429	7
1198	40	14	73	77	0	0	927	695	7
1199	40	15	121	60	-1	0	1096	1370	7
1200	40	15	60	121	0	0	1000	750	7
1201	41	1	19	13	0	0	1060	795	7
1202	41	1	13	19	-1	0	981	1226	7
1203	41	2	67	11	-1	0	1199	1499	7
1204	41	2	11	67	0	0	1283	962	7
1205	41	3	106	31	-1	0	1012	1265	7
1206	41	3	31	106	0	0	875	656	7
1207	41	4	22	33	0	0	778	584	7
1208	41	4	33	22	-1	0	1170	1462	7
1209	41	5	20	30	0	0	1052	789	7
1210	41	5	30	20	-1	0	1082	1352	7
1211	41	6	21	13	0	0	1060	795	7
1212	41	6	13	21	-1	0	852	1065	7
1213	41	7	67	33	0	0	778	584	7
1214	41	7	33	67	-1	0	1283	1604	7
1215	41	8	22	11	-1	0	1199	1499	7
1216	41	8	11	22	0	0	1170	878	7
1217	41	9	20	31	-1	0	1012	1265	7
1218	41	9	31	20	0	0	1082	812	7
1219	41	10	106	30	0	0	1052	789	7
1220	41	10	30	106	-1	0	875	1094	7
1221	41	11	67	31	-1	0	1012	1265	7
1222	41	11	31	67	0	0	1283	962	7
1223	41	12	21	33	-1	0	778	972	7
1224	41	12	33	21	0	0	852	639	7
1225	41	13	22	30	0	0	1052	789	7
1226	41	13	30	22	-1	0	1170	1462	7
1227	41	14	19	11	0	0	1199	899	7
1228	41	14	11	19	-1	0	981	1226	7
1229	41	15	20	13	0	0	1060	795	7
1230	41	15	13	20	-1	0	1082	1352	7
1231	42	1	43	40	-1	0	1080	1350	7
1232	42	1	40	43	0	0	1074	806	7
1233	42	2	117	100	-1	0	860	1075	7
1234	42	2	100	117	0	0	1195	896	7
1235	42	3	47	84	-1	0	1000	1250	7
1236	42	3	84	47	0	0	1109	832	7
1237	42	4	44	51	-1	0	1237	1546	7
1238	42	4	51	44	0	0	1144	858	7
1239	42	5	45	52	-1	0	1000	1250	7
1240	42	5	52	45	0	0	1164	873	7
1241	42	6	43	100	-1	0	860	1075	7
1242	42	6	100	43	0	0	1074	806	7
1243	42	7	117	40	0	0	1080	810	7
1244	42	7	40	117	-1	0	1195	1494	7
1245	42	8	47	51	0	0	1237	928	7
1246	42	8	51	47	-1	0	1109	1386	7
1247	42	9	44	52	-1	0	1000	1250	7
1248	42	9	52	44	0	0	1144	858	7
1249	42	10	45	84	-1	0	1000	1250	7
1250	42	10	84	45	0	0	1164	873	7
1251	42	11	117	51	-1	0	1237	1546	7
1252	42	11	51	117	0	0	1195	896	7
1253	42	12	47	52	0	0	1000	750	7
1254	42	12	52	47	-1	0	1109	1386	7
1255	42	13	43	84	0	0	1000	750	7
1256	42	13	84	43	-1	0	1074	1342	7
1257	42	14	45	100	-1	0	860	1075	7
1258	42	14	100	45	0	0	1164	873	7
1259	42	15	44	40	-1	0	1080	1350	7
1260	42	15	40	44	0	0	1144	858	7
1261	43	1	46	83	0	0	1183	887	8
1262	43	1	83	46	-1	0	1112	1390	8
1263	43	2	72	88	-1	0	1231	1539	8
1264	43	2	88	72	0	0	1148	861	8
1265	43	3	60	48	-1	0	1009	1261	8
1266	43	3	48	60	0	0	1075	806	8
1267	43	4	73	38	0	0	1053	790	8
1268	43	4	38	73	-1	0	1156	1445	8
1269	43	5	39	54	-1	0	1172	1465	8
1270	43	5	54	39	0	0	1245	934	8
1271	43	6	72	38	0	0	1053	790	8
1272	43	6	38	72	-1	0	1148	1435	8
1273	43	7	46	37	0	0	1177	883	8
1274	43	7	37	46	-1	0	1112	1390	8
1275	43	8	60	83	0	0	1183	887	8
1276	43	8	83	60	-1	-1	1075	1451	8
1277	43	9	39	88	0	0	1231	923	8
1278	43	9	88	39	-1	0	1245	1556	8
1279	43	10	46	54	0	0	1172	879	8
1280	43	10	54	46	-1	0	1112	1390	8
1281	43	11	72	83	0	0	1183	887	8
1282	43	11	83	72	-1	0	1148	1435	8
1283	43	12	39	48	-1	0	1009	1261	8
1284	43	12	48	39	0	0	1245	934	8
1285	43	13	60	37	-1	0	1177	1471	8
1286	43	13	37	60	0	0	1075	806	8
1287	43	14	73	88	0	0	1231	923	8
1288	43	14	88	73	-1	0	1156	1445	8
1289	43	15	73	37	-1	0	1177	1471	8
1290	43	15	37	73	0	0	1156	867	8
1291	44	1	28	78	0	0	1124	843	8
1292	44	1	78	28	-1	0	1073	1341	8
1293	44	2	9	87	-1	0	1148	1435	8
1294	44	2	87	9	0	0	995	746	8
1295	44	3	8	85	-1	0	1000	1250	8
1296	44	3	85	8	0	0	1053	790	8
1297	44	4	7	80	0	0	1063	797	8
1298	44	4	80	7	-1	0	1087	1359	8
1299	44	5	6	81	-1	0	1126	1408	8
1300	44	5	81	6	0	0	1138	854	8
1301	44	6	28	87	-1	0	1148	1435	8
1302	44	6	87	28	0	0	1073	805	8
1303	44	7	9	78	-1	0	1124	1405	8
1304	44	7	78	9	0	0	995	746	8
1305	44	8	7	81	-1	0	1126	1408	8
1306	44	8	81	7	0	0	1087	815	8
1307	44	9	8	80	0	0	1063	797	8
1308	44	9	80	8	-1	0	1053	1316	8
1309	44	10	6	78	-1	0	1124	1405	8
1310	44	10	78	6	0	0	1138	854	8
1311	44	11	7	85	-1	0	1000	1250	8
1312	44	11	85	7	0	0	1087	815	8
1313	44	12	28	81	-1	0	1126	1408	8
1314	44	12	81	28	0	0	1073	805	8
1315	44	13	9	85	0	0	1000	750	8
1316	44	13	85	9	-1	0	995	1244	8
1317	44	14	8	87	0	0	1148	861	8
1318	44	14	87	8	-1	0	1053	1316	8
1319	44	15	6	80	0	0	1063	797	8
1320	44	15	80	6	-1	0	1138	1422	8
1321	45	1	49	19	-1	0	998	1248	8
1322	45	1	19	49	0	0	1108	831	8
1323	45	2	41	67	-1	0	1275	1594	8
1324	45	2	67	41	0	0	1170	878	8
1325	45	3	42	22	0	0	1144	858	8
1326	45	3	22	42	-1	0	1135	1419	8
1327	45	4	51	115	-1	0	731	914	8
1328	45	4	115	51	0	0	1226	920	8
1329	45	5	52	20	-1	0	1086	1358	8
1330	45	5	20	52	0	0	1061	796	8
1331	45	6	40	106	-1	0	955	1194	8
1332	45	6	106	40	0	0	1105	829	8
1333	45	7	41	21	-1	0	878	1098	8
1334	45	7	21	41	0	0	1170	878	8
1335	45	8	42	19	-1	0	998	1248	8
1336	45	8	19	42	0	0	1135	851	8
1337	45	9	51	22	0	0	1144	858	8
1338	45	9	22	51	-1	0	1226	1532	8
1339	45	10	52	67	0	0	1275	956	8
1340	45	10	67	52	-1	0	1061	1326	8
1341	45	11	40	20	0	0	1086	814	8
1342	45	11	20	40	-1	0	1105	1381	8
1343	45	12	41	22	-1	0	1144	1430	8
1344	45	12	22	41	0	0	1170	878	8
1345	45	13	42	67	-1	0	1275	1594	8
1346	45	13	67	42	0	0	1135	851	8
1347	45	14	51	21	-1	0	878	1098	8
1348	45	14	21	51	0	0	1226	920	8
1349	45	15	40	19	-1	0	998	1248	8
1350	45	15	19	40	0	0	1105	829	8
1351	46	1	31	75	0	0	1079	809	8
1352	46	1	75	31	-1	0	983	1229	8
1353	46	2	11	75	0	0	1079	809	8
1354	46	2	75	11	-1	0	1169	1461	8
1355	46	3	29	93	0	0	1269	952	8
1356	46	3	93	29	-1	0	1247	1559	8
1357	46	4	13	75	0	0	1079	809	8
1358	46	4	75	13	-1	0	1101	1376	8
1359	46	5	31	97	0	0	1083	812	8
1360	46	5	97	31	-1	0	983	1229	8
1361	46	6	33	95	-1	0	976	1220	8
1362	46	6	95	33	0	0	1018	764	8
1363	46	7	29	97	-1	0	1083	1354	8
1364	46	7	97	29	0	0	1247	935	8
1365	46	8	11	93	-1	0	1269	1586	8
1366	46	8	93	11	0	0	1169	877	8
1367	46	9	33	53	0	0	1115	836	8
1368	46	9	53	33	-1	0	1018	1272	8
1369	46	10	13	95	-1	0	976	1220	8
1370	46	10	95	13	0	0	1101	826	8
1371	46	11	29	53	0	0	1115	836	8
1372	46	11	53	29	-1	0	1247	1559	8
1373	46	12	11	97	0	0	1083	812	8
1374	46	12	97	11	-1	0	1169	1461	8
1375	46	13	33	93	-1	0	1269	1586	8
1376	46	13	93	33	0	0	1018	764	8
1377	46	14	31	95	0	0	976	732	8
1378	46	14	95	31	-1	0	983	1229	8
1379	46	15	13	53	-1	0	1115	1394	8
1380	46	15	53	13	0	0	1101	826	8
1381	47	1	15	117	0	0	1213	910	8
1382	47	1	117	15	-1	0	1102	1378	8
1383	47	2	14	47	0	0	1099	824	8
1384	47	2	47	14	-1	0	914	1142	8
1385	47	3	116	43	-1	0	1091	1364	8
1386	47	3	43	116	0	0	1215	911	8
1387	47	4	17	45	0	0	1182	886	8
1388	47	4	45	17	-1	0	945	1181	8
1389	47	5	27	59	0	0	1183	887	8
1390	47	5	59	27	-1	0	1010	1262	8
1391	47	6	16	44	0	0	1243	932	8
1392	47	6	44	16	-1	0	1008	1260	8
1393	47	7	14	117	0	0	1213	910	8
1394	47	7	117	14	-1	0	914	1142	8
1395	47	8	116	47	-1	0	1099	1374	8
1396	47	8	47	116	0	0	1215	911	8
1397	47	9	15	45	0	0	1182	886	8
1398	47	9	45	15	-1	0	1102	1378	8
1399	47	10	17	59	0	0	1183	887	8
1400	47	10	59	17	-1	0	945	1181	8
1401	47	11	27	44	0	0	1243	932	8
1402	47	11	44	27	-1	0	1010	1262	8
1403	47	12	16	43	0	0	1091	818	8
1404	47	12	43	16	-1	0	1008	1260	8
1405	47	13	116	117	0	0	1213	910	8
1406	47	13	117	116	-1	0	1215	1519	8
1407	47	14	14	59	0	0	1183	887	8
1408	47	14	59	14	-1	0	914	1142	8
1409	47	15	16	45	0	0	1182	886	8
1410	47	15	45	16	-1	0	1008	1260	8
1411	48	1	89	2	-1	0	1046	1308	8
1412	48	1	2	89	0	0	1071	803	8
1413	48	2	120	63	-1	0	1149	1436	8
1414	48	2	63	120	0	0	922	692	8
1415	48	3	122	1	0	0	1074	806	8
1416	48	3	1	122	-1	0	1000	1250	8
1417	48	4	65	4	-1	0	990	1238	8
1418	48	4	4	65	0	0	1146	860	8
1419	48	5	26	3	-1	0	970	1212	8
1420	48	5	3	26	0	0	1074	806	8
1421	48	6	34	2	-1	0	1046	1308	8
1422	48	6	2	34	0	0	798	598	8
1423	48	7	89	63	-1	0	1149	1436	8
1424	48	7	63	89	0	0	1071	803	8
1425	48	8	120	1	-1	0	1074	1342	8
1426	48	8	1	120	0	0	922	692	8
1427	48	9	122	4	0	0	990	742	8
1428	48	9	4	122	-1	0	1000	1250	8
1429	48	10	65	3	0	0	970	728	8
1430	48	10	3	65	-1	0	1146	1432	8
1431	48	11	26	2	0	0	1046	784	8
1432	48	11	2	26	-1	0	1074	1342	8
1433	48	12	34	123	0	0	1000	750	8
1434	48	12	123	34	-1	0	798	998	8
1435	48	13	120	4	0	0	990	742	8
1436	48	13	4	120	-1	0	922	1152	8
1437	48	14	89	1	-1	0	1074	1342	8
1438	48	14	1	89	0	0	1071	803	8
1439	48	15	122	3	0	0	970	728	8
1440	48	15	3	122	-1	0	1000	1250	8
1441	49	1	43	89	-1	0	1135	1419	9
1442	49	1	89	43	0	0	1112	834	9
1443	49	2	117	65	-1	0	1131	1414	9
1444	49	2	65	117	0	0	1282	962	9
1445	49	3	44	124	0	0	1000	750	9
1446	49	3	124	44	-1	0	1250	1562	9
1447	49	4	47	122	-1	0	772	965	9
1448	49	4	122	47	0	0	1102	826	9
1449	49	5	59	120	-1	0	1056	1320	9
1450	49	5	120	59	0	0	1205	904	9
1451	49	6	43	65	-1	0	1131	1414	9
1452	49	6	65	43	0	0	1112	834	9
1453	49	7	117	125	-1	-1	1000	1350	9
1454	49	7	125	117	0	0	1282	962	9
1455	49	8	44	89	-1	0	1135	1419	9
1456	49	8	89	44	0	0	1250	938	9
1457	49	9	47	124	0	0	1000	750	9
1458	49	9	124	47	-1	0	1102	1378	9
1459	49	10	59	122	-1	0	772	965	9
1460	49	10	122	59	0	0	1205	904	9
1461	49	11	47	125	-1	0	1000	1250	9
1462	49	11	125	47	0	0	1102	826	9
1463	49	12	43	120	0	0	1056	792	9
1464	49	12	120	43	-1	0	1112	1390	9
1465	49	13	117	89	-1	0	1135	1419	9
1466	49	13	89	117	0	0	1282	962	9
1467	49	14	44	65	-1	0	1131	1414	9
1468	49	14	65	44	0	0	1250	938	9
1469	49	15	59	124	-1	0	1000	1250	9
1470	49	15	124	59	0	0	1205	904	9
1471	50	1	83	61	-1	0	1080	1350	9
1472	50	1	61	83	0	0	1254	940	9
1473	50	2	88	6	-1	-1	1166	1574	9
1474	50	2	6	88	0	0	1262	946	9
1475	50	3	38	7	0	0	1106	830	9
1476	50	3	7	38	-1	0	1123	1404	9
1477	50	4	48	9	-1	0	1046	1308	9
1478	50	4	9	48	0	0	1003	752	9
1479	50	5	54	8	-1	0	1051	1314	9
1480	50	5	8	54	0	0	1184	888	9
1481	50	6	37	7	-1	0	1106	1382	9
1482	50	6	7	37	0	0	1163	872	9
1483	50	7	83	9	0	0	1046	784	9
1484	50	7	9	83	-1	0	1254	1568	9
1485	50	8	88	61	-1	0	1080	1350	9
1486	50	8	61	88	0	0	1262	946	9
1487	50	9	48	8	-1	0	1051	1314	9
1488	50	9	8	48	0	0	1003	752	9
1489	50	10	54	6	0	0	1166	874	9
1490	50	10	6	54	-1	0	1184	1480	9
1491	50	11	37	9	-1	0	1046	1308	9
1492	50	11	9	37	0	0	1163	872	9
1493	50	12	83	7	-1	0	1106	1382	9
1494	50	12	7	83	0	0	1254	940	9
1495	50	13	88	8	-1	-1	1051	1419	9
1496	50	13	8	88	0	0	1262	946	9
1497	50	14	48	6	-1	0	1166	1458	9
1498	50	14	6	48	0	0	1003	752	9
1499	50	15	37	61	-1	0	1080	1350	9
1500	50	15	61	37	0	0	1163	872	9
1501	51	1	49	15	0	0	1077	808	9
1502	51	1	15	49	-1	0	1145	1431	9
1503	51	2	40	116	-1	0	1231	1539	9
1504	51	2	116	40	0	0	1134	850	9
1505	51	3	51	14	-1	0	915	1144	9
1506	51	3	14	51	0	0	1187	890	9
1507	51	4	42	16	-1	0	985	1231	9
1508	51	4	16	42	0	0	1176	882	9
1509	51	5	41	27	-1	0	1003	1254	9
1510	51	5	27	41	0	0	1246	934	9
1511	51	6	49	17	0	0	951	713	9
1512	51	6	17	49	-1	0	1145	1431	9
1513	51	7	40	15	0	0	1077	808	9
1514	51	7	15	40	-1	0	1134	1418	9
1515	51	8	51	116	-1	0	1231	1539	9
1516	51	8	116	51	0	0	1187	890	9
1517	51	9	42	14	-1	0	915	1144	9
1518	51	9	14	42	0	0	1176	882	9
1519	51	10	41	17	0	0	951	713	9
1520	51	10	17	41	-1	0	1246	1558	9
1521	51	11	49	27	-1	0	1003	1254	9
1522	51	11	27	49	0	0	1145	859	9
1523	51	12	40	16	-1	0	985	1231	9
1524	51	12	16	40	0	0	1134	850	9
1525	51	13	51	15	0	0	1077	808	9
1526	51	13	15	51	-1	0	1187	1484	9
1527	51	14	42	17	-1	0	951	1189	9
1528	51	14	17	42	0	0	1176	882	9
1529	51	15	41	116	-1	0	1231	1539	9
1530	51	15	116	41	0	0	1246	934	9
1531	52	1	19	93	-1	0	1247	1559	9
1532	52	1	93	19	0	0	982	736	9
1533	52	2	67	75	-1	0	1156	1445	9
1534	52	2	75	67	0	0	1254	940	9
1535	52	3	22	97	-1	0	1121	1401	9
1536	52	3	97	22	0	0	1185	889	9
1537	52	4	20	95	-1	0	982	1228	9
1538	52	4	95	20	0	0	1102	826	9
1539	52	5	106	53	0	0	1143	857	9
1540	52	5	53	106	-1	0	937	1171	9
1541	52	6	21	109	-1	0	983	1229	9
1542	52	6	109	21	0	0	922	692	9
1543	52	7	67	93	-1	0	1247	1559	9
1544	52	7	93	67	0	0	1254	940	9
1545	52	8	19	95	-1	0	982	1228	9
1546	52	8	95	19	0	0	982	736	9
1547	52	9	22	75	-1	0	1156	1445	9
1548	52	9	75	22	0	0	1185	889	9
1549	52	10	20	97	0	0	1121	841	9
1550	52	10	97	20	-1	0	1102	1378	9
1551	52	11	21	53	0	0	1143	857	9
1552	52	11	53	21	-1	0	922	1152	9
1553	52	12	67	97	-1	0	1121	1401	9
1554	52	12	97	67	0	0	1254	940	9
1555	52	13	19	75	0	0	1156	867	9
1556	52	13	75	19	-1	0	982	1228	9
1557	52	14	22	93	0	0	1247	935	9
1558	52	14	93	22	-1	0	1185	1481	9
1559	52	15	20	53	-1	0	1143	1429	9
1560	52	15	53	20	0	0	1102	826	9
1561	53	1	2	10	-1	0	1023	1279	9
1562	53	1	10	2	0	0	1020	765	9
1563	53	2	63	113	-1	0	878	1098	9
1564	53	2	113	63	0	0	1093	820	9
1565	53	3	55	102	-1	0	864	1080	9
1566	53	3	102	55	0	0	906	680	9
1567	53	4	4	103	-1	0	862	1078	9
1568	53	4	103	4	0	0	1013	760	9
1569	53	5	123	102	0	0	864	648	9
1570	53	5	102	123	-1	0	1016	1270	9
1571	53	6	1	10	0	0	1023	767	9
1572	53	6	10	1	-1	0	1053	1316	9
1573	53	7	2	113	-1	0	878	1098	9
1574	53	7	113	2	0	0	1020	765	9
1575	53	8	63	103	-1	0	862	1078	9
1576	53	8	103	63	0	0	1093	820	9
1577	53	9	55	107	-1	0	890	1112	9
1578	53	9	107	55	0	0	906	680	9
1579	53	10	4	10	0	0	1023	767	9
1580	53	10	10	4	-1	0	1013	1266	9
1581	53	11	63	107	-1	0	890	1112	9
1582	53	11	107	63	0	0	1093	820	9
1583	53	12	123	103	-1	0	862	1078	9
1584	53	12	103	123	0	0	1016	762	9
1585	53	13	2	102	-1	0	864	1080	9
1586	53	13	102	2	0	0	1020	765	9
1587	53	14	55	107	-1	0	890	1112	9
1588	53	14	107	55	0	0	906	680	9
1589	53	15	1	113	-1	0	878	1098	9
1590	53	15	113	1	0	0	1053	790	9
1591	54	1	87	31	-1	0	971	1214	9
1592	54	1	31	87	0	0	1130	848	9
1593	54	2	81	13	0	0	1130	848	9
1594	54	2	13	81	-1	0	1091	1364	9
1595	54	3	85	12	-1	0	974	1218	9
1596	54	3	12	85	0	0	1021	766	9
1597	54	4	86	13	0	0	1130	848	9
1598	54	4	13	86	-1	0	1161	1451	9
1599	54	5	78	33	-1	0	1100	1375	9
1600	54	5	33	78	0	0	1114	836	9
1601	54	6	77	31	0	0	971	728	9
1602	54	6	31	77	-1	0	997	1246	9
1603	54	7	78	30	-1	0	1129	1411	9
1604	54	7	30	78	0	0	1114	836	9
1605	54	8	86	12	0	0	974	730	9
1606	54	8	12	86	-1	0	1161	1451	9
1607	54	9	85	33	0	0	1100	825	9
1608	54	9	33	85	-1	0	1021	1276	9
1609	54	10	87	30	-1	0	1129	1411	9
1610	54	10	30	87	0	0	1130	848	9
1611	54	11	86	31	-1	0	971	1214	9
1612	54	11	31	86	0	0	1161	871	9
1613	54	12	81	33	0	0	1100	825	9
1614	54	12	33	81	-1	0	1091	1364	9
1615	54	13	78	12	0	0	974	730	9
1616	54	13	12	78	-1	0	1114	1392	9
1617	54	14	87	13	-1	0	1130	1412	9
1618	54	14	13	87	0	0	1130	848	9
1619	54	15	77	30	-1	0	1129	1411	9
1620	54	15	30	77	0	0	997	748	9
1621	55	1	93	78	-1	0	1145	1431	10
1622	55	1	78	93	0	0	1233	925	10
1623	55	2	93	80	-1	0	1173	1466	10
1624	55	2	80	93	0	0	1233	925	10
1625	55	3	97	87	0	0	1183	887	10
1626	55	3	87	97	-1	0	1130	1412	10
1627	55	4	95	81	0	0	1069	802	10
1628	55	4	81	95	-1	0	970	1212	10
1629	55	5	93	85	-1	0	1031	1289	10
1630	55	5	85	93	0	0	1233	925	10
1631	55	6	96	87	0	0	1183	887	10
1632	55	6	87	96	-1	0	1106	1382	10
1633	55	7	98	80	0	0	1173	880	10
1634	55	7	80	98	-1	0	1113	1391	10
1635	55	8	53	78	-1	0	1145	1431	10
1636	55	8	78	53	0	0	1147	860	10
1637	55	9	97	81	-1	0	1069	1336	10
1638	55	9	81	97	0	0	1130	848	10
1639	55	10	96	85	-1	0	1031	1289	10
1640	55	10	85	96	0	0	1106	830	10
1641	55	11	53	87	-1	0	1183	1479	10
1642	55	11	87	53	0	0	1147	860	10
1643	55	12	98	85	0	0	1031	773	10
1644	55	12	85	98	-1	0	1113	1391	10
1645	55	13	97	78	0	0	1145	859	10
1646	55	13	78	97	-1	0	1130	1412	10
1647	55	14	96	81	-1	0	1069	1336	10
1648	55	14	81	96	0	0	1106	830	10
1649	55	15	53	80	-1	0	1173	1466	10
1650	55	15	80	53	0	0	1147	860	10
1651	56	1	10	47	0	0	1090	818	10
1652	56	1	47	10	-1	0	1048	1310	10
1653	56	2	102	43	0	0	1148	861	10
1654	56	2	43	102	-1	0	889	1111	10
1655	56	3	103	117	0	0	1322	992	10
1656	56	3	117	103	-1	0	861	1076	10
1657	56	4	113	44	0	0	1263	947	10
1658	56	4	44	113	-1	0	871	1089	10
1659	56	5	114	59	0	0	1199	899	10
1660	56	5	59	114	-1	0	792	990	10
1661	56	6	10	45	-1	0	1257	1571	10
1662	56	6	45	10	0	0	1048	786	10
1663	56	7	102	47	0	0	1090	818	10
1664	56	7	47	102	-1	0	889	1111	10
1665	56	8	113	43	0	0	1148	861	10
1666	56	8	43	113	-1	0	871	1089	10
1667	56	9	107	117	0	0	1322	992	10
1668	56	9	117	107	-1	0	871	1089	10
1669	56	10	10	59	0	0	1199	899	10
1670	56	10	59	10	-1	0	1048	1310	10
1671	56	11	102	45	0	0	1257	943	10
1672	56	11	45	102	-1	0	889	1111	10
1673	56	12	113	117	0	0	1322	992	10
1674	56	12	117	113	-1	0	871	1089	10
1675	56	13	107	44	0	0	1263	947	10
1676	56	13	44	107	-1	0	871	1089	10
1677	56	14	103	47	0	0	1090	818	10
1678	56	14	47	103	-1	0	861	1076	10
1679	56	15	103	59	0	0	1199	899	10
1680	56	15	59	103	-1	0	861	1076	10
1681	57	1	12	48	-1	0	1086	1358	10
1682	57	1	48	12	0	0	1041	781	10
1683	57	2	31	35	-1	0	1089	1361	10
1684	57	2	35	31	0	0	981	736	10
1685	57	3	29	83	0	0	1256	942	10
1686	57	3	83	29	-1	0	1173	1466	10
1687	57	4	30	54	0	0	1186	890	10
1688	57	4	54	30	-1	-1	1088	1469	10
1689	57	5	12	37	0	0	1225	919	10
1690	57	5	37	12	-1	0	1041	1301	10
1691	57	6	31	48	0	0	1086	814	10
1692	57	6	48	31	-1	0	981	1226	10
1693	57	7	29	54	0	0	1186	890	10
1694	57	7	54	29	-1	0	1173	1466	10
1695	57	8	12	83	-1	0	1256	1570	10
1696	57	8	83	12	0	0	1041	781	10
1697	57	9	30	88	-1	0	1315	1644	10
1698	57	9	88	30	0	0	1088	816	10
1699	57	10	31	37	-1	0	1225	1531	10
1700	57	10	37	31	0	0	981	736	10
1701	57	11	30	83	-1	0	1256	1570	10
1702	57	11	83	30	0	0	1088	816	10
1703	57	12	29	88	0	0	1315	986	10
1704	57	12	88	29	-1	0	1173	1466	10
1705	57	13	33	37	-1	0	1225	1531	10
1706	57	13	37	33	0	0	1136	852	10
1707	57	14	33	54	0	0	1186	890	10
1708	57	14	54	33	-1	0	1136	1420	10
1709	57	15	33	48	-1	0	1086	1358	10
1710	57	15	48	33	0	0	1136	852	10
1711	58	1	15	67	0	0	1310	982	10
1712	58	1	67	15	-1	0	1174	1468	10
1713	58	2	14	19	-1	0	1037	1296	10
1714	58	2	19	14	0	0	928	696	10
1715	58	3	57	22	-1	0	1214	1518	10
1716	58	3	22	57	0	0	1000	750	10
1717	58	4	17	20	0	0	1131	848	10
1718	58	4	20	17	-1	0	1050	1312	10
1719	58	5	27	21	-1	0	964	1205	10
1720	58	5	21	27	0	0	1006	754	10
1721	58	6	116	67	0	0	1310	982	10
1722	58	6	67	116	-1	0	1180	1475	10
1723	58	7	14	22	0	0	1214	910	10
1724	58	7	22	14	-1	0	928	1160	10
1725	58	8	57	19	-1	0	1037	1296	10
1726	58	8	19	57	0	0	1000	750	10
1727	58	9	27	20	0	0	1131	848	10
1728	58	9	20	27	-1	0	1006	1258	10
1729	58	10	15	21	0	0	964	723	10
1730	58	10	21	15	-1	0	1174	1468	10
1731	58	11	17	67	0	0	1310	982	10
1732	58	11	67	17	-1	0	1050	1312	10
1733	58	12	116	22	-1	0	1214	1518	10
1734	58	12	22	116	0	0	1180	885	10
1735	58	13	57	20	-1	0	1131	1414	10
1736	58	13	20	57	0	0	1000	750	10
1737	58	14	27	19	-1	0	1037	1296	10
1738	58	14	19	27	0	0	1006	754	10
1739	58	15	116	21	-1	0	964	1205	10
1740	58	15	21	116	0	0	1180	885	10
1741	59	1	39	2	-1	0	1073	1341	10
1742	59	1	2	39	0	0	1275	956	10
1743	59	2	72	63	-1	0	1119	1399	10
1744	59	2	63	72	0	0	1165	874	10
1745	59	3	46	1	0	0	1038	778	10
1746	59	3	1	46	-1	0	1100	1375	10
1747	59	4	60	3	0	0	1004	753	10
1748	59	4	3	60	-1	0	1143	1429	10
1749	59	5	46	4	-1	0	1010	1262	10
1750	59	5	4	46	0	0	1100	825	10
1751	59	6	68	123	0	0	965	724	10
1752	59	6	123	68	-1	0	1138	1422	10
1753	59	7	46	2	-1	0	1073	1341	10
1754	59	7	2	46	0	0	1100	825	10
1755	59	8	72	1	0	0	1038	778	10
1756	59	8	1	72	-1	0	1165	1456	10
1757	59	9	73	63	-1	0	1119	1399	10
1758	59	9	63	73	0	0	1176	882	10
1759	59	10	60	4	0	0	1010	758	10
1760	59	10	4	60	-1	0	1143	1429	10
1761	59	11	39	3	0	0	1004	753	10
1762	59	11	3	39	-1	0	1275	1594	10
1763	59	12	72	123	0	0	965	724	10
1764	59	12	123	72	-1	0	1165	1456	10
1765	59	13	39	1	-1	0	1038	1298	10
1766	59	13	1	39	0	0	1275	956	10
1767	59	14	73	4	0	0	1010	758	10
1768	59	14	4	73	-1	0	1176	1470	10
1769	59	15	73	123	0	0	965	724	10
1770	59	15	123	73	-1	0	1176	1470	10
1771	60	1	89	49	-1	0	1115	1394	10
1772	60	1	49	89	0	0	1105	829	10
1773	60	2	65	42	-1	0	1193	1491	10
1774	60	2	42	65	0	0	1114	836	10
1775	60	3	124	51	0	0	1207	905	10
1776	60	3	51	124	-1	0	1301	1626	10
1777	60	4	126	50	0	0	1000	750	10
1778	60	4	50	126	-1	0	1000	1250	10
1779	60	5	120	41	0	0	1243	932	10
1780	60	5	41	120	-1	0	1079	1349	10
1781	60	6	89	42	0	0	1193	895	10
1782	60	6	42	89	-1	0	1105	1381	10
1783	60	7	65	49	-1	0	1115	1394	10
1784	60	7	49	65	0	0	1114	836	10
1785	60	8	124	41	-1	0	1243	1554	10
1786	60	8	41	124	0	0	1301	976	10
1787	60	9	126	51	0	0	1207	905	10
1788	60	9	51	126	-1	0	1000	1250	10
1789	60	10	120	50	0	0	1000	750	10
1790	60	10	50	120	-1	0	1079	1349	10
1791	60	11	89	41	0	0	1243	932	10
1792	60	11	41	89	-1	0	1105	1381	10
1793	60	12	65	51	0	0	1207	905	10
1794	60	12	51	65	-1	0	1114	1392	10
1795	60	13	124	50	-1	0	1000	1250	10
1796	60	13	50	124	0	0	1301	976	10
1797	60	14	126	49	0	0	1115	836	10
1798	60	14	49	126	-1	0	1000	1250	10
1799	60	15	120	42	0	0	1193	895	10
1800	60	15	42	120	-1	0	1079	1349	10
1801	61	1	40	102	-1	0	903	1129	11
1802	61	1	102	40	0	0	1183	887	11
1803	61	2	51	102	-1	0	903	1129	11
1804	61	2	102	51	0	0	1249	937	11
1805	61	3	42	102	-1	0	903	1129	11
1806	61	3	102	42	0	0	1222	916	11
1807	61	4	52	10	-1	0	1064	1330	11
1808	61	4	10	52	0	0	1153	865	11
1809	61	5	41	10	-1	0	1064	1330	11
1810	61	5	10	41	0	0	1272	954	11
1811	61	6	40	103	-1	0	884	1105	11
1812	61	6	103	40	0	0	1183	887	11
1813	61	7	51	107	-1	0	908	1135	11
1814	61	7	107	51	0	0	1249	937	11
1815	61	8	42	10	-1	0	1064	1330	11
1816	61	8	10	42	0	0	1222	916	11
1817	61	9	52	103	-1	0	884	1105	11
1818	61	9	103	52	0	0	1153	865	11
1819	61	10	41	107	-1	0	908	1135	11
1820	61	10	107	41	0	0	1272	954	11
1821	61	11	42	103	-1	0	884	1105	11
1822	61	11	103	42	0	0	1222	916	11
1823	61	12	52	107	-1	0	908	1135	11
1824	61	12	107	52	0	0	1153	865	11
1825	61	13	0	0	-1	0	1219	1524	11
1826	61	13	0	0	0	0	1219	914	11
1827	61	14	0	0	-1	0	1219	1524	11
1828	61	14	0	0	0	0	1219	914	11
1829	61	15	0	0	-1	0	1219	1524	11
1830	61	15	0	0	0	0	1219	914	11
1831	62	1	36	95	-1	0	972	1215	11
1832	62	1	95	36	0	0	1000	750	11
1833	62	2	38	93	-1	0	1272	1590	11
1834	62	2	93	38	0	0	1126	844	11
1835	62	3	82	97	-1	0	1133	1416	11
1836	62	3	97	82	0	0	1000	750	11
1837	62	4	35	75	-1	0	1165	1456	11
1838	62	4	75	35	0	0	1057	793	11
1839	62	5	83	96	-1	0	1145	1431	11
1840	62	5	96	83	0	0	1233	925	11
1841	62	6	36	53	-1	0	1211	1514	11
1842	62	6	53	36	0	0	1000	750	11
1843	62	7	82	95	-1	0	972	1215	11
1844	62	7	95	82	0	0	1000	750	11
1845	62	8	38	97	-1	0	1133	1416	11
1846	62	8	97	38	0	0	1126	844	11
1847	62	9	54	93	-1	0	1272	1590	11
1848	62	9	93	54	0	0	1247	935	11
1849	62	10	35	53	0	0	1211	908	11
1850	62	10	53	35	-1	0	1057	1321	11
1851	62	11	88	93	0	0	1272	954	11
1852	62	11	93	88	-1	0	1304	1630	11
1853	62	12	82	75	-1	0	1165	1456	11
1854	62	12	75	82	0	0	1000	750	11
1855	62	13	54	95	0	0	972	729	11
1856	62	13	95	54	-1	0	1247	1559	11
1857	62	14	88	53	-1	-1	1211	1635	11
1858	62	14	53	88	0	0	1304	978	11
1859	62	15	36	97	-1	0	1133	1416	11
1860	62	15	97	36	0	0	1000	750	11
1861	63	1	2	8	-1	0	1050	1312	11
1862	63	1	8	2	0	0	1066	800	11
1863	63	2	63	9	0	0	1092	819	11
1864	63	2	9	63	-1	0	1099	1374	11
1865	63	3	3	7	-1	0	1128	1410	11
1866	63	3	7	3	0	0	1090	818	11
1867	63	4	4	61	0	0	1077	808	11
1868	63	4	61	4	-1	0	1067	1334	11
1869	63	5	1	6	-1	0	1179	1474	11
1870	63	5	6	1	0	0	1093	820	11
1871	63	6	55	8	-1	0	1050	1312	11
1872	63	6	8	55	0	0	1037	778	11
1873	63	7	2	9	0	0	1092	819	11
1874	63	7	9	2	-1	0	1066	1332	11
1875	63	8	63	7	0	0	1128	846	11
1876	63	8	7	63	-1	0	1099	1374	11
1877	63	9	3	61	0	0	1077	808	11
1878	63	9	61	3	-1	0	1090	1362	11
1879	63	10	4	6	0	0	1179	884	11
1880	63	10	6	4	-1	0	1067	1334	11
1881	63	11	1	7	0	0	1128	846	11
1882	63	11	7	1	-1	0	1093	1366	11
1883	63	12	55	9	0	0	1092	819	11
1884	63	12	9	55	-1	0	1037	1296	11
1885	63	13	2	61	0	0	1077	808	11
1886	63	13	61	2	-1	0	1066	1332	11
1887	63	14	3	6	0	0	1179	884	11
1888	63	14	6	3	-1	0	1090	1362	11
1889	63	15	1	8	0	0	1050	788	11
1890	63	15	8	1	-1	0	1093	1366	11
1891	64	1	43	46	-1	0	1116	1395	11
1892	64	1	46	43	0	0	1163	872	11
1893	64	2	44	39	-1	0	1276	1595	11
1894	64	2	39	44	0	0	1261	946	11
1895	64	3	47	60	-1	0	1116	1395	11
1896	64	3	60	47	0	0	1132	849	11
1897	64	4	99	72	-1	0	1155	1444	11
1898	64	4	72	99	0	0	1303	977	11
1899	64	5	59	68	-1	0	1106	1382	11
1900	64	5	68	59	0	0	1241	931	11
1901	64	6	43	73	-1	0	1149	1436	11
1902	64	6	73	43	0	0	1163	872	11
1903	64	7	44	60	-1	0	1116	1395	11
1904	64	7	60	44	0	0	1261	946	11
1905	64	8	47	39	0	0	1276	957	11
1906	64	8	39	47	-1	0	1132	1415	11
1907	64	9	99	46	0	0	1116	837	11
1908	64	9	46	99	-1	0	1303	1629	11
1909	64	10	59	72	0	0	1155	866	11
1910	64	10	72	59	-1	0	1241	1551	11
1911	64	11	43	39	-1	0	1276	1595	11
1912	64	11	39	43	0	0	1163	872	11
1913	64	12	44	72	-1	0	1155	1444	11
1914	64	12	72	44	0	0	1261	946	11
1915	64	13	47	68	-1	0	1106	1382	11
1916	64	13	68	47	0	0	1132	849	11
1917	64	14	99	73	-1	0	1149	1436	11
1918	64	14	73	99	0	0	1303	977	11
1919	64	15	59	60	-1	0	1116	1395	11
1920	64	15	60	59	0	0	1241	931	11
1921	65	3	22	87	0	0	1195	896	11
1922	65	3	87	22	-1	0	1180	1475	11
1923	65	4	21	81	0	0	1066	800	11
1924	65	4	81	21	-1	0	988	1235	11
1925	65	5	20	86	-1	0	1124	1405	11
1926	65	5	86	20	0	0	1135	851	11
1927	65	6	19	85	0	0	1062	796	11
1928	65	6	85	19	-1	0	998	1248	11
1929	65	7	67	78	-1	0	1141	1426	11
1930	65	7	78	67	0	0	1340	1005	11
1931	65	8	22	86	-1	0	1124	1405	11
1932	65	8	86	22	0	0	1180	885	11
1933	65	9	21	85	0	0	1062	796	11
1934	65	9	85	21	-1	0	988	1235	11
1935	65	10	20	87	0	0	1195	896	11
1936	65	10	87	20	-1	0	1135	1419	11
1937	65	11	19	81	0	0	1066	800	11
1938	65	11	81	19	-1	0	998	1248	11
1939	65	12	67	87	0	0	1195	896	11
1940	65	12	87	67	-1	0	1340	1675	11
1941	65	13	21	77	-1	0	1022	1278	11
1942	65	13	77	21	0	0	988	741	11
1943	65	14	22	77	0	0	1022	766	11
1944	65	14	77	22	-1	0	1180	1475	11
1945	65	15	20	78	-1	0	1141	1426	11
1946	65	15	78	20	0	0	1135	851	11
1947	65	1	19	77	0	0	1022	766	11
1948	65	1	77	19	-1	0	998	1248	11
1949	65	2	67	85	-1	0	1062	1328	11
1950	65	2	85	67	0	0	1340	1005	11
1951	66	1	116	89	0	0	1116	837	11
1952	66	1	89	116	-1	0	1213	1516	11
1953	66	2	14	120	0	0	1033	775	11
1954	66	2	120	14	-1	0	957	1196	11
1955	66	3	15	124	-1	0	1280	1600	11
1956	66	3	124	15	0	0	1145	859	11
1957	66	4	16	122	0	0	817	613	11
1958	66	4	122	16	-1	0	999	1249	11
1959	66	5	17	126	-1	0	846	1058	11
1960	66	5	126	17	0	0	1040	780	11
1961	66	6	27	127	-1	0	1000	1250	11
1962	66	6	127	27	0	0	1032	774	11
1963	66	7	116	122	-1	0	817	1021	11
1964	66	7	122	116	0	0	1213	910	11
1965	66	8	15	65	0	0	1149	862	11
1966	66	8	65	15	-1	0	1145	1431	11
1967	66	9	17	89	0	0	1116	837	11
1968	66	9	89	17	-1	0	1040	1300	11
1969	66	10	27	120	-1	0	1033	1291	11
1970	66	10	120	27	0	0	1032	774	11
1971	66	11	14	127	-1	0	1000	1250	11
1972	66	11	127	14	0	0	957	718	11
1973	66	12	16	124	0	0	1280	960	11
1974	66	12	124	16	-1	0	999	1249	11
1975	66	13	116	65	-1	0	1149	1436	11
1976	66	13	65	116	0	0	1213	910	11
1977	66	14	27	126	0	0	846	634	11
1978	66	14	126	27	-1	0	1032	1290	11
1979	66	15	15	89	-1	0	1116	1395	11
1980	66	15	89	15	0	0	1145	859	11